9.66338358
11.0925601
11.10631131
15.16745135
15.55893172
16.08721112
19.04726702
19.45785431
19.76978311
21.89627781
21.99093877
22.125935
22.37989881
22.57508151
22.59599471
22.99607007
23.02232136
23.71419126
24.19793851
24.97201861
25.09201292
25.09953408
25.18658404
25.50642895
25.63810489
25.86379149
25.88524302
26.06937621
26.21001171
26.40161944
26.44376413
26.52083993
26.71615929
26.77146694
26.85207166
26.85629305
26.93907592
27.3932977
27.9203448
28.12163005
28.23973675
28.41634286
28.50997632
28.64790172
28.75930593
29.35448608
29.50091552
30.23338539
30.28136996
30.45493993
30.51670222
30.55636113
30.64239031
30.6494837
31.03355635
31.52593142
31.98395674
32.01302729
32.32345012
32.3411109
32.41746842
32.7055495
32.74104734
32.80868882
32.82701646
32.99946619
33.05370276
33.13013035
33.46187978
33.66054368
33.79671169
33.82704918
34.21999498
34.24025541
34.31454053
34.39841718
34.72536906
34.725951
34.89988561
35.01291092
35.13641496
35.25614046
35.37306518
35.37367618
35.67818221
35.68581737
35.89870571
35.89953572
36.53567711
36.89729391
36.91752798
37.951978
38.2225018
38.31772824
38.45278037
38.51698188
38.63677314
38.83861378
38.87580832
38.94398131
38.96993908
39.1817672
39.22297043
39.36301634
39.45589717
39.68380923
39.80972251
39.97146289
40.89241664
41.16686501
41.28887288
41.34522646
41.38532069
41.39958194
41.62635397
41.62686005
41.63143628
41.66811261
41.69589041
41.88728164
41.94347787
41.98888377
42.33471339
42.38564564
42.50198344
42.75457647
42.80429188
42.83210159
43.17697995
43.34722786
43.36269101
43.46067158
43.49112815
43.49251388
43.57091696
43.89881359
44.1028747
44.18715191
44.27816807
44.57506279
44.62286846
44.7120305
44.74486648
44.76303198
44.81768426
45.23517596
45.2518477
45.26419602
45.39190909
45.47458919
45.51889687
45.5804551
45.75725189
45.77745842
45.79897109
46.13440679
46.41008816
46.44288956
46.82285718
47.05529366
47.22566402
47.29577671
47.41543791
47.43083644
47.55693729
47.82681167
48.01565588
48.03821312
48.07589496
48.0775428
48.17035243
48.17705689
48.2565719
48.33825303
48.54813799
48.70945131
48.8061242
49.03764846
49.12825194
49.15246372
49.16012905
49.22209656
49.27501689
49.28221365
49.39438598
49.49349298
49.60163539
49.63145885
49.72539542
49.82008125
50.01104307
50.12743478
50.31701714
50.54460715
50.70239598
50.71684535
50.7615414
50.76760369
50.80346709
50.9207981
51.03402374
51.10874648
51.31845392
51.51435545
51.71955365
51.83832921
51.97644777
51.9853456
52.04146865
52.12323169
52.15195225
52.18024616
52.29000989
52.32722365
52.64331608
52.82419392
53.14441517
53.22195438
53.2368597
53.26110424
53.65262371
53.67324977
53.72899558
53.75122416
54.29167701
54.47729453
54.63151953
54.65497028
54.66614264
54.70433642
54.72549942
54.8243455
55.04362917
55.22187294
55.39983989
55.41613864
55.44027439
55.46880911
55.60407295
55.89476759
56.20136662
56.23523012
56.27294014
56.50828205
56.5214487
56.70917846
56.75824496
56.9448584
57.04371725
57.1164804
57.29104134
57.33611063
57.42296213
57.56957924
57.79598589
57.83306664
57.93116745
57.95859398
58.09491389
58.12649024
58.27348142
58.2977845
58.41378582
58.48282315
58.8075786
59.2061486
59.29421657
59.30029504
59.33883093
59.35087468
59.45902171
59.51600011
59.73727064
59.84602344
59.99929725
60.12102436
60.23772039
60.32357952
60.38960893
60.48786853
60.5274456
60.53355022
60.86112833
60.95971225
61.03987957
61.22568715
61.29064877
61.37098874
61.56228904
61.60530367
61.65293974
61.71735058
61.73607215
61.87202617
61.93294709
61.99893212
62.00651004
62.10134123
62.10363165
62.31870648
62.40119358
62.93356406
63.05287034
63.21628858
63.52918197
63.58768046
63.63366442
63.67685217
63.77314577
63.85221574
63.89862894
64.14177361
64.14949436
64.16503341
64.19129345
64.29179861
64.31120104
64.39573468
64.41568095
64.52322788
64.55569106
64.61385546
64.69403581
64.92805118
65.04866312
65.16817826
65.17390129
65.63893259
65.64948527
65.73551842
66.01007129
66.24651207
66.64665721
66.82423479
66.85565813
66.85923716
66.86580175
66.93720684
67.07653017
67.10975156
67.17681334
67.24729557
67.36096316
67.53076144
67.58907842
67.65608954
67.66847996
67.81958837
67.83357991
67.96869406
68.00006746
68.01317486
68.06925889
68.11391979
68.12725947
68.24080077
68.43952995
68.73804536
68.90827458
69.04610979
69.0535072
69.16367655
69.17746189
69.19367335
69.24974067
69.29928085
69.38083333
69.43936256
69.58999163
69.61342433
69.65517807
69.7001746
69.76323203
69.86558334
69.92288827
69.97453069
70.03866326
70.26786797
70.28111438
70.61745951
70.65423014
70.71975782
70.78746883
70.9646464
70.98630994
71.01808491
71.02138662
71.09761716
71.12102582
71.14456096
71.33228271
71.57768077
71.66813714
71.74560432
71.75965973
71.79115649
71.81448408
71.82342933
71.88196245
71.93332285
72.00167536
72.02073806
72.0764419
72.16344164
72.19185669
72.235089
72.4495678
72.65931529
72.84546028
72.92175464
73.03979572
73.10172587
73.1464648
73.20965046
73.24511522
73.37555468
73.49029225
73.58659902
73.82418282
73.85707964
73.92419717
73.94331771
74.23479962
74.31579913
74.41460983
74.50150676
74.61287019
74.61891662
74.65160564
74.65884836
74.75326132
74.80759531
74.81127852
74.85997957
74.93902023
74.96429227
75.01608198
75.06244149
75.12254516
75.19790275
75.29507304
75.66563774
75.72608199
75.79660673
76.00516705
76.18386622
76.23663174
76.30697255
76.33197957
76.36837135
76.38548331
76.51861178
76.93682459
76.97206235
76.9835516
77.01398186
77.16608025
77.22011535
77.22059143
77.30659664
77.3196662
77.37385635
77.38798831
77.53208318
77.53710506
77.55417218
77.56801321
77.58592343
77.63632594
77.70786493
77.77474862
77.96788082
78.07295722
78.45922557
78.46116442
78.51877968
78.75255729
78.76075262
78.77925404
78.9104764
79.00568376
79.01593345
79.05175535
79.40140432
79.76778335
80.11508464
80.24643727
80.40364294
80.41051596
80.46796194
80.63582878
80.71539609
80.86608965
80.91764245
80.92525748
81.14045428
81.2812588
81.30735904
81.53586343
81.65986988
81.73545978
82.00901293
82.05401297
82.14510638
82.15362651
82.24089436
82.25691981
82.28546438
82.39487322
82.4924751
82.66479944
82.71069283
82.76982879
82.78694842
82.83211959
82.8543794
83.03982089
83.15140422
83.2031204
83.47960549
83.49616817
83.56458968
83.56484754
83.86054847
83.93036636
83.94692058
83.97594374
84.03951646
84.1341156
84.18151385
84.23112196
84.26060707
84.27221514
84.32816306
84.39259833
84.40666
84.70469885
84.81270051
84.88697708
84.95186365
85.01922798
85.07205006
85.14400305
85.17832872
85.32511589
85.32541926
85.57702084
85.71295772
85.71666831
85.79800152
85.84591096
85.86379473
85.87847881
86.08907036
86.10721341
86.43642087
86.48886832
86.509355
86.82702122
86.8813882
86.91444913
86.93536501
86.95350144
87.01093836
87.10680123
87.11683549
87.24204623
87.27011588
87.41753583
87.4503327
87.61274944
87.6692185
87.68681791
87.77218214
88.11908494
88.16244226
88.36641778
88.40311054
88.42366337
88.66039565
88.73043311
88.83490149
88.93299013
88.93783553
88.98064824
89.04559515
89.15138813
89.19319353
89.23114884
89.2873927
89.38719787
89.61647788
89.66337714
89.74395281
90.01499408
90.0996204
90.17281681
90.17337879
90.21173079
90.32914267
90.34680151
90.37651524
90.4202103
90.44899845
90.53332232
90.79850536
90.84768131
90.86050121
91.05544172
91.09726974
91.12134519
91.18276949
91.33360814
91.33557162
91.35305426
91.38087244
91.43575586
91.56533621
91.59526955
91.64889412
91.65229062
91.68276759
91.68994155
91.83649242
91.85511116
91.87553408
91.93878582
92.01413774
92.11782549
92.13156462
92.34361673
92.46455907
92.47067016
92.58558044
92.63735132
92.89161494
93.04662265
93.12224971
93.14100612
93.16278181
93.25125148
93.25363978
93.49842079
93.88225078
93.894274
93.90097712
93.91226419
93.96740235
94.06423254
94.09179834
94.1007625
94.1319079
94.13789844
94.32509786
94.50133561
94.73775152
94.81865419
95.02525012
95.34787521
95.50979663
95.62894099
95.63775841
95.65348955
95.71889991
95.77638299
95.8354897
95.94525246
96.06653571
96.12112724
96.2327739
96.3357508
96.41234715
96.49344025
96.52237312
96.52875916
96.54230273
96.58999847
96.6031827
96.7195134
96.87142058
96.87465097
97.0383773
97.27324053
97.29942291
97.36105481
97.45244676
97.52421593
97.52618409
97.53816669
97.62055428
97.72597217
97.82857357
98.21112851
98.50053966
98.77782314
98.7950736
98.8014923
98.876327
98.91852071
98.94216126
98.98703461
99.29804444
99.37277259
99.44079227
99.44194237
99.5593063
99.59453229
99.70119529
99.73571667
99.74453022
99.82250747
100.08443537
100.17347822
100.36861443
100.39777014
100.46144142
100.58460001
100.7188581
100.76723095
100.78634861
100.84131723
100.85238966
100.86874664
100.89287947
100.92701971
100.98602576
100.98654555
101.13804803
101.18808813
101.19260465
101.24732645
101.26508802
101.32247018
101.37524042
101.39551941
101.60345593
101.61373764
101.83046906
101.86435611
101.9490568
102.10914167
102.16794576
102.25061604
102.35734559
102.45085181
102.50873617
102.67007056
102.70109004
102.85756056
103.23650523
103.26698718
103.37147384
103.61328141
103.64069001
103.66581242
103.79055137
103.81103175
103.93918035
104.05075343
104.05952842
104.06079893
104.10246197
104.10856931
104.22501321
104.28334509
104.39996409
104.45933548
104.51931588
104.82160644
104.85573915
104.97394465
105.03360395
105.09022775
105.45215017
105.924117
105.95847791
105.96152205
105.98641517
106.04229743
106.15895992
106.23690482
106.24854218
106.32172739
106.42310537
106.43933295
106.49825947
106.54288362
106.65133901
106.67208908
106.73879139
106.81770633
106.82346611
106.86965689
106.90103282
106.95629017
107.06086046
107.11510078
107.16139233
107.26953482
107.33152587
107.33982545
107.38656797
107.38820554
107.49600691
107.50046542
107.55375382
107.55456786
107.66076197
107.72591354
107.81083692
107.84621792
107.88807866
108.00997562
108.15873618
108.16544943
108.30954607
108.40588393
108.50928657
108.57763634
108.60436118
108.61251813
108.65942108
108.70716871
108.75207234
108.76967008
108.98703493
109.04896796
109.09427756
109.10854448
109.13332735
109.17726183
109.24999613
109.51336555
109.58543792
109.59903356
109.67691915
109.72768581
109.82045819
109.84151717
109.84791747
109.88122256
110.03445836
110.23873575
110.3782792
110.44678893
110.45025673
110.46763673
110.477331
110.51365933
110.53134285
110.6019625
110.63182002
110.69622702
110.82742883
110.84777864
110.90595255
111.10059924
111.16372129
111.24750367
111.48646805
111.49833635
111.67106913
111.72019247
111.92111596
111.94959896
112.05614454
112.12034663
112.26496893
112.29054939
112.34973778
112.43413706
112.5091508
112.74964786
112.86342582
112.88520507
112.94054122
113.04481471
113.14971178
113.15693305
113.18335602
113.35683007
113.47393173
113.5127113
113.61338312
113.75476761
113.78092355
113.78281861
113.87006921
113.87191706
113.90330917
113.91523955
113.92832828
114.01523014
114.27829146
114.28384001
114.30262868
114.30539767
114.3970714
114.41540323
114.44859463
114.51462343
114.68580842
114.78040788
114.95716596
114.97892501
115.12101963
115.14261245
115.15885686
115.20561023
115.29922128
115.39458994
115.45175972
115.51664189
115.6423571
115.70477267
115.71404219
115.81578219
115.84439811
115.91596351
115.96984683
115.9783583
116.0401878
116.05514058
116.10187576
116.27442476
116.50779862
116.54377908
116.8556474
116.9796081
117.11668967
117.14652992
117.34180532
117.45337061
117.53221518
117.58197949
117.64566002
117.65130113
117.78771155
117.95625686
117.98010007
117.99039567
117.99082158
117.99583854
118.00159023
118.25713925
118.35508656
118.36168235
118.37552005
118.38290264
118.4682665
118.67471885
118.73246856
118.75430571
118.79142202
118.82555842
118.96119005
118.98365676
119.00638346
119.074879
119.09751892
119.12902659
119.27944749
119.41187658
119.4680881
119.47509616
119.63195182
119.74238604
119.80912967
119.8635689
119.95418556
120.20137186
120.59923623
120.61091832
120.67188083
120.68588742
120.79768377
121.03923683
121.09173397
121.20474568
121.30406193
121.34359968
121.39157564
121.43223661
121.59003938
121.75097602
121.76337532
121.77951685
121.89072825
121.92675481
121.93515613
122.00475919
122.08142985
122.08780753
122.25024258
122.25682328
122.39639052
122.48425443
122.56394608
122.57015968
122.76493835
122.92466513
122.99487571
123.01335821
123.1546228
123.17434222
123.26126601
123.38489766
123.40283197
123.44535868
123.47111387
123.50860761
123.57314509
123.60049823
123.75996159
123.93253125
123.93423967
124.0257849
124.0444977
124.05217132
124.1694097
124.1865912
124.34476036
124.34519303
124.44223828
124.50143055
124.50729921
124.66717331
124.85243062
124.93395792
124.94545288
125.09534558
125.18818771
125.27348324
125.31835896
125.35174066
125.4735525
125.54904408
125.57786364
125.63594117
125.6759391
125.68564929
125.76089285
125.78123854
125.81138478
125.8359044
125.87510186
125.93763676
125.98041164
126.13180293
126.20493789
126.23903304
126.24413267
126.26520504
126.470056
126.56575883
126.67167423
126.67899213
126.70093809
126.81255555
126.98167798
127.05389769
127.15078122
127.24139535
127.25776945
127.32048945
127.35832305
127.45107569
127.47209023
127.50637867
127.54392748
127.69004259
127.7272872
127.87473643
127.91525555
127.97108721
128.08983557
128.11348224
128.25093472
128.270173
128.28053378
128.28313699
128.41744741
128.45415511
128.45866104
128.57311487
128.5794233
128.59118781
128.6261008
128.77034752
128.85848108
128.89962682
128.9183613
128.97304503
128.99196812
129.17394553
129.17699206
129.20213566
129.32230405
129.37082714
129.38477133
129.50398773
129.55184196
129.64662303
129.66519875
129.71896759
129.79038118
129.91072929
129.93962547
129.98236741
130.02826533
130.04660409
130.12115161
130.1303022
130.13854361
130.16244857
130.17105865
130.20977412
130.25367082
130.26755675
130.43266508
130.44385251
130.50840917
130.67250975
130.75513978
130.76106705
130.78622835
130.78674181
130.82383281
130.88559415
130.91542091
131.01726239
131.07422178
131.12968494
131.18507358
131.25736162
131.32820732
131.42544678
131.74090658
131.89867827
131.96274869
132.03217746
132.05303997
132.0679834
132.10417647
132.26642184
132.29282588
132.36306278
132.39733854
132.45336711
132.56096386
132.56128368
132.60510618
132.62112061
132.63381577
132.63983187
132.71138149
132.79982529
132.92881096
132.95147976
132.98990429
132.9952055
133.18854524
133.21462037
133.35657193
133.44969746
133.59051569
133.63832
133.68961693
133.76303656
133.90256558
134.03512693
134.03761675
134.05246805
134.1313207
134.2147353
134.24347134
134.29637963
134.30071578
134.91516788
135.11112405
135.63242566
135.64609354
135.74807367
136.10799679
136.20654949
136.29852984
136.49579337
136.63348988
136.72420846
136.84567062
136.86551234
136.91176322
136.94517722
137.05561618
137.05681662
137.13019731
137.22198058
137.44186019
137.44231334
137.51872388
137.53313764
137.54364043
137.73995823
138.04367587
138.04953948
138.09907992
138.26165609
138.35688228
138.41894856
138.51155835
138.54648124
138.58581098
138.58875239
138.68918262
138.69802264
138.70127053
138.85026213
138.91312551
138.93854662
138.96349803
139.04189657
139.20798064
139.23106074
139.29906797
139.553778
139.55808767
139.76502505
139.78486
139.84637922
139.88614632
139.90211839
139.99029419
140.03777932
140.10963508
140.15967151
140.1749331
140.21820953
140.24167928
140.33808249
140.35653572
140.46933653
140.61476674
140.81824396
140.91982505
141.21343488
141.23491143
141.68348083
141.74447038
141.89487545
141.92000403
141.96585911
141.99599211
142.01599087
142.18798281
142.21759243
142.26310138
142.38281801
142.83974083
142.93125248
142.93745602
142.94054181
142.99040236
143.16215239
143.27817771
143.36390043
143.36544404
143.37751239
143.46913718
143.47887398
143.58646568
143.8823033
143.89050557
143.92750234
143.9567888
144.02116358
144.12321621
144.23513046
144.32909069
144.34112209
144.36519823
144.44832752
144.55606019
144.621005
144.71775579
144.85890269
144.9089653
144.98169936
145.09015203
145.38534708
145.39200108
145.39961249
145.49930423
145.51337411
145.53155629
145.54573287
145.64649546
145.68732833
146.0604191
146.1245063
146.15824667
146.38043422
146.39202655
146.53513885
146.5569161
146.63411684
146.64171791
146.66976449
146.73509569
147.02415631
147.09794198
147.23541385
147.26115108
147.29597618
147.48414962
147.58339599
147.62418978
147.71586479
147.83583761
147.92241394
147.9232131
147.93058642
147.93833626
147.95207106
148.14931588
148.1782613
148.21437901
148.40048706
148.5064121
148.520976
148.62646033
148.70428573
148.82671016
148.87855952
148.94522933
148.99189702
149.0447885
149.12808278
149.14119926
149.31250284
149.51875417
149.56499333
149.61486429
149.61720353
149.67460705
149.74530928
149.76536432
149.79405428
150.20504184
150.26144073
150.27992742
150.43424988
150.45099403
150.54639329
150.59504827
150.61414565
150.655857
150.72601342
150.81864189
151.03032674
151.10549407
151.11535301
151.23977413
151.3968174
151.39705602
151.42001569
151.4551641
151.51595408
151.56486577
151.60412533
151.62232305
151.64364681
151.75841274
151.77960766
151.9574935
151.9780865
151.9940991
152.06014585
152.2675027
152.38932724
152.39185905
152.41179438
152.42022977
152.75139365
153.05049793
153.09996979
153.13948759
153.15862975
153.18623172
153.29117032
153.45601885
153.47269204
153.48351589
153.50712466
153.63854465
153.70600982
153.87254954
153.88278349
153.89848232
153.93467204
154.15612747
154.57023205
154.78397014
154.82909342
154.89349831
155.01400221
155.16571746
155.20075061
155.20517265
155.23510566
155.24538879
155.36591527
155.48556497
155.5184612
155.58123817
155.61092121
155.73054225
155.89355941
155.93205484
155.97829661
156.06115429
156.08408451
156.10910868
156.12349652
156.29433895
156.39211128
156.40254607
156.50807599
156.71868749
156.71932805
156.79093015
156.96461305
156.97184076
156.97420794
157.0204453
157.08328718
157.25716286
157.48649972
157.49354126
157.58364201
157.60387838
157.63656965
157.76998134
157.81302012
157.86375629
157.95968032
157.97222016
158.11452756
158.12695399
158.21719838
158.23806671
158.24007927
158.34998764
158.43731005
158.5611587
158.62079801
158.71247153
158.7813137
158.85527721
159.06287147
159.29383843
159.45264302
159.49218849
159.54030273
159.65672642
159.73225991
159.85277078
160.08608384
160.14486643
160.40798531
160.483448
160.58333519
160.71846245
160.80173864
160.9944717
161.10978214
161.17611515
161.27056757
161.39751697
161.40928725
161.41165408
161.74944262
162.24483107
162.24857874
162.5732576
162.83047337
162.84094029
163.08356294
163.08952898
163.14116144
163.16039561
163.39835179
163.40679595
163.73094674
163.74083754
163.81538363
163.91270124
163.94574273
164.03317142
164.10708306
164.12911124
164.2085732
164.60971929
164.76955395
164.78212578
164.86747842
164.92604899
164.9646942
164.99275419
165.00970738
165.09268021
165.12521299
165.14330901
165.15217114
165.15993943
165.21065177
165.23802879
165.28404274
165.61013333
165.61299799
165.65462317
165.95896044
165.99952149
166.03455193
166.06312277
166.1421847
166.23015327
166.4557092
166.81631047
166.83988563
166.90068868
166.98026898
167.21389066
167.22284522
167.3268008
167.34689621
167.374112
167.44149679
167.44163128
167.87683992
167.96425169
168.16446228
168.29505098
168.3465591
168.41688679
168.57610761
168.57768899
168.61508006
168.63092026
168.6346157
168.71104864
168.71502765
168.81901466
169.00666824
169.02093746
169.64726923
169.67165843
169.93695107
170.04044157
170.12028499
170.32783831
170.38097128
170.43604592
170.49949016
170.809631
170.8329045
170.84807672
170.86469794
171.06899825
171.07185512
171.08307224
171.13354165
171.14106198
171.1970945
171.29526849
171.63452881
171.74194514
171.75011989
171.96836127
172.14719127
172.22904782
172.26718167
172.36709954
172.48593861
172.56777927
172.61829487
172.73676021
172.82868739
172.82930104
172.84030128
172.98043956
173.0368742
173.06279239
173.2364649
173.36153371
173.38574236
173.42829847
173.42983032
173.45847877
173.92473819
174.05406062
174.05747295
174.13340494
174.14931866
174.24054116
174.24835091
174.28923216
174.38426137
174.42409048
174.50158507
174.50277267
174.56224628
174.6125904
174.64004868
174.75342172
174.87722969
174.88082166
174.91075164
175.01033417
175.01415483
175.03142334
175.14002489
175.14139677
175.22210495
175.34079823
175.36981203
175.48354452
175.51687459
175.74290703
175.75159726
175.82442563
175.84125599
176.04059576
176.09464335
176.11464904
176.19786331
176.27014015
176.33602229
176.41431145
176.44072363
176.48796568
176.5549594
176.59958298
176.70882895
176.76534064
176.78355555
176.84832833
177.01492461
177.03572103
177.05056862
177.10222009
177.15642796
177.20385386
177.44971315
177.563174
177.57124242
177.8598414
178.34085415
178.52915861
178.611082
178.66813011
178.84227016
178.8961136
178.9356952
179.08985432
179.12371089
179.2714236
179.28303642
179.30507959
179.81253544
179.83630563
179.87946279
179.88171805
179.93918642
179.95073841
180.10768021
180.14961799
180.43137794
180.49605616
180.60684532
180.88921105
180.91287896
180.95947383
180.97710705
181.06801027
181.08843798
181.1474402
181.48421533
181.56071165
181.74027683
181.93022577
181.98225363
182.07261692
182.15626381
182.29067985
182.32480737
182.34952182
182.52185136
182.54759361
182.58526956
182.72106361
182.74002116
182.76471377
182.91060885
182.94062438
183.02403815
183.06742942
183.0796364
183.08959364
183.18664848
183.18922466
183.22066319
183.24831562
183.25460909
183.56323552
183.58666126
183.61499343
183.68779535
183.72071554
183.78093016
184.0900412
184.2297873
184.24037927
184.39957315
184.49182063
184.5899436
184.69771001
184.94804376
185.03159585
185.15580235
185.20362907
185.27860873
185.37158667
185.43967485
185.5667068
185.70599055
185.74192213
185.77388053
185.79289366
185.83249203
186.14698581
186.299118
186.33364458
186.35050831
186.61149279
186.71528067
186.79376976
186.8599144
187.00573748
187.04246462
187.22544394
187.46415696
187.5060475
187.84483028
187.98017325
188.13644672
188.19734468
188.2102053
188.26383039
188.40920318
188.45167136
188.55789384
188.75982368
188.77438
188.77611305
188.81065606
188.95849516
189.11828948
189.13981728
189.15653813
189.26831441
189.55103822
189.64073719
189.6471387
189.89976155
189.90507968
189.9605978
190.13742786
190.14258077
190.17445591
190.17957802
190.42439026
190.48823428
190.55651173
190.59858417
190.63300213
190.77276038
190.77296792
190.80360537
190.80918383
190.81323528
190.88687187
190.94786825
191.01835993
191.10570983
191.23434207
191.30497123
191.33069777
191.34417212
191.39244423
191.66493648
191.83777907
191.84548986
191.85516942
191.88246448
191.91342261
192.01353741
192.02949997
192.05378564
192.11819915
192.17676186
192.18837097
192.40202031
192.56601382
192.593268
192.68062316
192.75874579
192.84758727
192.88520439
193.03364096
193.06360054
193.21249656
193.30341047
193.38063886
193.41783655
193.55043655
193.71864365
193.75292429
193.9259047
194.35192754
194.50244834
194.56516788
194.61573259
194.61579622
194.73261556
194.75624961
194.85162478
194.92397081
195.17971915
195.18558204
195.21220793
195.21391251
195.2173425
195.24097069
195.34695942
195.60555401
195.78669858
195.81855397
195.86942695
196.0648346
196.11370494
196.13697757
196.2178126
196.32933031
196.60965181
196.64031472
196.74668877
196.91324718
197.30170254
197.31518175
197.58328547
197.69040148
197.74560952
197.86184367
197.8796924
198.06577263
198.10861592
198.28930981
198.33756427
198.38243213
198.5324768
198.66350063
198.90320652
199.26095636
199.32951177
199.54267077
199.73620583
200.04385
200.06375456
200.10520337
200.22524821
200.34050818
200.43690407
200.51427915
200.67305571
200.77630646
200.9531116
200.97141905
201.19152884
201.38183834
201.42711481
201.52922195
201.60595588
201.68065496
201.84766601
201.91048083
201.95663298
202.11920086
202.16503986
202.23418489
202.47632121
202.6593948
203.32981994
203.520015
203.65518219
203.68394277
204.10472936
204.30894478
204.46172856
204.51409372
204.96190081
205.35766168
205.38484196
205.44580854
205.79333151
205.80928465
205.88586752
206.08931493
206.36054249
206.79229989
206.81318478
206.87127822
207.02632381
207.02912503
207.05802765
207.12404205
207.13147882
207.17798874
207.29975284
207.37320866
207.60260327
207.6385489
207.95392886
208.14374828
208.17259454
208.27988211
208.29414557
208.36104506
208.38742212
208.39509477
208.66384496
208.87499909
209.04057802
209.04264016
209.05734933
209.13279505
209.48046455
209.49735685
209.55448838
209.59243209
209.66326147
209.74370823
210.02213461
210.05204773
210.12409329
210.39276729
210.59242528
210.72600613
210.78473715
210.79204645
210.84940739
210.8698184
210.96340566
211.75495326
211.93001089
211.97565868
212.01766306
212.07570198
212.28294242
212.7244167
213.0632224
213.12954162
213.12994852
213.51837941
213.594972
213.60202824
213.82431702
214.27485471
214.46225717
214.46955606
214.5442509
214.91028048
214.93641711
215.0865332
215.65520249
215.79384487
215.89763759
216.27109017
216.30471667
216.57250232
216.90378279
217.10501095
217.37821893
217.47286632
217.56735647
217.59761949
217.69221699
218.02139446
218.11627883
218.49896815
218.63409475
218.74968486
218.75482856
218.78745421
218.95053373
219.10067281
219.15351844
219.20586405
219.23205631
219.36299731
219.51741172
219.9727
219.97369926
220.12575915
220.39467252
220.39930455
220.40187513
220.46625725
220.47109353
220.47990882
220.76115014
220.80248325
220.81310089
220.84074691
221.01248601
221.07694759
221.08532892
221.20590942
221.2744956
221.61873439
221.67368316
221.73427851
221.79360676
221.80868885
221.90677481
222.22000266
222.56480591
222.70894951
222.94501689
223.34498866
223.41700727
223.43059537
223.79042588
223.98071387
224.14154712
224.14617898
224.58113167
224.62987907
224.76215312
225.20716152
225.54480368
226.01779974
226.60306264
226.61370912
226.88327733
226.98020495
227.0737073
227.09543956
227.1959164
227.22503034
227.56996065
227.5731465
227.60179897
227.73309054
227.82726599
227.87651411
228.16338137
228.69848878
228.70403475
228.80401243
228.85248422
229.01757852
229.05435545
229.32840638
229.56088018
229.57184802
229.75455141
229.77487599
229.88410708
229.89527266
230.01263778
230.15805526
230.48841928
230.50017704
230.50538813
230.54575069
230.82549063
230.86004102
230.89782379
231.12964318
231.28927067
231.36076987
231.48898135
232.41730055
232.48054455
232.68949608
232.70794523
233.13743196
233.22636522
233.68448188
233.81288985
233.8196759
233.88066684
234.11703992
234.2424879
234.27300872
234.43850379
234.6275055
234.78216748
234.88259201
234.95652149
235.06138662
235.50065621
235.5254294
235.76560079
236.10983643
236.12096415
236.1365556
236.15267593
236.25168848
236.33092696
236.38442958
236.50255285
237.3550606
237.39674976
237.59072785
237.66762895
237.70365777
237.99254579
238.34743135
238.53433889
238.60169789
238.95968814
239.08413012
239.67731787
239.78751112
239.81541181
240.07353061
240.28724719
240.53473705
240.59361936
240.73999119
240.83477217
240.93597084
241.35052036
241.39898297
241.48937505
241.89222559
241.94025209
241.94367901
242.13143922
242.31926452
242.56854537
242.84241582
242.96406701
243.00359367
243.49100758
243.59866693
243.69322486
243.70172355
244.05747165
244.22647017
244.42036356
244.47011131
244.51624821
244.60281488
244.67600065
244.67926586
245.03388009
245.22883648
245.34741628
245.69529972
245.78404158
246.02955838
246.04989269
246.06529482
246.30420705
246.67308368
246.69820813
247.03134353
247.25605632
247.41200918
247.54440444
247.55131261
247.60625291
247.7037033
247.96064239
248.41392962
248.46973781
248.47316979
248.52399728
248.58586035
248.61913369
249.38480456
249.64016368
249.76572327
250.23767984
250.2899501
250.81345247
251.26159965
251.34065063
251.55729557
251.87461769
251.90291361
251.91569735
252.54137605
252.81052637
252.82366404
252.92372377
253.03586715
253.37159058
253.41276691
253.54830491
253.63777836
253.63802741
253.69153716
254.04504794
254.10375825
254.13381322
254.29981035
254.34691593
254.47376908
254.61373728
255.04614509
255.12644848
255.50561388
255.54945776
255.75411328
255.83859072
255.89753295
256.1952975
256.77934052
256.94643655
257.23452687
257.78172384
258.27125946
258.39998628
258.44896142
259.03784477
259.08078617
259.19820614
259.41000664
259.41124992
259.51644022
259.62499927
260.31902214
260.5431012
260.79933535
260.85049918
260.89785098
261.26933097
261.50171978
261.63229482
261.97911419
262.00066291
262.28514893
262.33215732
262.37293967
262.57765811
262.76382549
263.06977948
263.09644225
263.13872864
263.22937561
263.37685861
263.7411147
263.7569742
263.85524961
263.95672093
264.02813876
264.06661143
264.08993016
264.21108659
264.35237838
264.38628763
264.50553381
264.69129066
264.72940585
264.82261844
264.84600206
264.87851848
265.00180776
265.07452275
265.15432879
265.3355039
265.4444094
265.45723515
265.50182567
265.85328871
265.93729844
266.01137333
266.03254889
266.29232331
266.31524853
266.53028132
266.63688451
266.77260582
267.29893559
267.30451143
267.33660451
267.81212066
267.85715166
268.04945703
268.32605987
268.45960396
268.53075602
268.69481141
268.74752734
268.98309839
269.00234678
269.1036369
269.12611193
269.22954642
269.71828665
269.72118672
269.7973663
269.81877784
269.96180959
270.14772966
270.27095243
270.40245426
270.41271788
270.5521013
270.5998099
270.65898279
270.7661154
271.03483087
271.25365691
271.31318868
271.38641433
271.4475861
272.02709606
272.04421878
272.05607442
272.20306076
272.28576307
272.2938433
272.52333161
272.56260242
272.57448743
272.7558194
272.79681386
273.16096215
273.17308393
273.27405549
273.55154883
273.69511942
273.70947386
274.00481611
274.02031801
274.3877895
274.59389762
274.71853507
274.89227544
275.02769395
275.11561714
275.26089574
275.47047903
275.67786162
275.92262995
276.01563402
276.10770843
276.23164187
276.30040597
276.31666387
276.34464916
276.38448922
276.62327807
276.71317946
276.76862945
276.9644914
277.09200169
277.11454955
277.15954353
277.31162127
277.56018244
277.65512105
277.66449896
277.71240653
277.87019753
277.96076965
278.06029953
278.10096224
278.280435
278.54049884
279.04633325
279.11189505
279.11275857
279.15335576
279.31736646
279.33791967
279.48013691
279.63184903
279.69157826
279.82058795
279.84968425
280.37446515
280.48165936
280.80756047
280.82089401
280.82462344
280.87077264
280.88874962
281.48852956
281.5121416
281.72107505
281.81079776
282.06569556
282.14688092
282.18983768
282.30872066
282.35590809
282.51241118
282.57478442
282.72500284
283.31465905
283.74328467
283.87747807
283.92902987
284.03860507
284.32112155
284.39177481
284.4269428
284.44646584
284.75083023
284.8405571
284.85968445
284.9247587
285.00559605
285.01417795
285.04986635
285.19494227
285.24768533
285.31794909
285.36748503
285.41932173
285.44846861
285.4966376
285.56464416
285.64123667
285.64909043
286.00769819
286.06319074
286.14908393
286.3140025
286.6014274
286.64104577
286.75203844
286.83879654
287.01981422
287.11107197
287.29746656
287.50598077
287.79451983
287.99645842
288.16684111
288.29122525
288.30125996
289.05819013
289.37571928
289.53411192
289.5570724
290.29532076
290.39046313
290.45335538
291.24891233
291.27249365
291.29359656
291.56200765
291.58666719
291.69144011
291.86293678
291.99155691
292.11879781
292.16752352
292.21705669
292.28099362
292.34743724
292.35860672
292.42208603
292.69758457
292.72614134
292.83769451
293.11545749
293.30426071
293.32632802
293.41023508
293.53490679
293.62172515
293.84690582
294.10145116
294.50885288
294.76303301
294.76419143
294.76933674
295.04234824
295.16984466
295.82586647
295.88246474
295.89109865
295.8971526
295.97059626
296.13820273
296.2041186
296.32250551
296.46194378
296.51056792
296.83263789
297.53945373
297.6676703
297.70502951
297.96116675
298.39573139
298.48439892
298.69319232
298.79901118
298.8036494
298.82047703
298.8893925
299.21131445
299.33742348
299.3702458
299.68777691
299.70768823
300.3220949
300.39632885
300.47275522
300.600937
300.64173197
300.67597456
300.93458531
300.98319525
301.18871477
301.4146167
301.44398063
301.52090253
301.75369715
301.92841421
302.03645086
302.11217382
302.25524522
302.5370833
302.63618319
302.92588231
302.97138525
303.18231738
303.21179806
303.48917432
303.69541984
303.71999366
303.77122016
304.11559219
304.15617837
304.26952487
304.28763114
304.31544182
304.38303967
304.44716586
304.47073312
304.60750589
304.66647656
304.75431058
304.76505928
304.91917785
305.00942986
305.05537428
305.09435417
305.09439709
305.25236413
305.25732549
305.28164691
305.4451146
305.59532721
305.63127644
305.63771826
305.80648828
305.81611626
305.97118791
305.98541837
306.00687422
306.19453109
306.64839793
306.78880875
306.94416369
307.00486455
307.34222518
307.46728345
307.46730884
307.55581907
307.59530294
307.68458041
307.77188813
307.98756478
308.10893306
308.20413385
308.31191981
308.60081554
308.74885242
309.06983686
309.06992962
309.14286259
309.29351052
309.30421206
309.31258994
309.76201432
309.77232118
309.88720613
310.00572876
310.10772191
310.12388991
310.15831004
310.2578445
310.30265026
310.58825088
310.62112956
310.76117811
310.76336053
310.80497905
310.89140645
310.98583412
311.03015797
311.26504689
311.30088659
311.447251
311.75975185
311.78574338
311.79400775
312.03452599
312.28372624
312.44200414
312.89574968
313.08946338
313.30214796
313.63573472
313.7273298
313.73769943
313.83624959
313.87712729
313.94265424
314.00422632
314.24702016
314.50000199
314.6425929
314.69318849
314.99915231
315.46560854
315.47542727
315.50702918
315.7438245
315.85305174
315.94318803
315.97011039
316.03209218
316.14394185
316.15029486
316.17110097
316.29004438
316.35632734
316.45277826
316.50253097
316.50877649
316.70814159
316.72254077
316.9449601
316.97006937
317.0499684
317.11490537
317.19387261
317.20753956
317.43137078
317.55166976
317.60266286
317.62580692
317.75588232
317.87968031
317.97254998
317.98938569
318.13300838
318.28145227
318.3164965
318.4112025
318.54047779
318.55314123
318.59110254
318.64828305
318.65378887
318.78814753
319.00611504
319.21349083
319.21571191
319.8359416
319.95451951
320.03536393
320.17576598
320.9726839
321.02747752
321.11293158
321.14882613
321.21109676
321.31166261
321.55892459
321.60272947
321.98043306
322.33704633
322.41635331
322.57783489
322.66114937
322.7254371
322.73322343
323.22971086
323.40891231
323.48044417
323.49090833
324.13764424
324.21741931
324.3211604
324.33408792
324.49517623
324.52514321
324.72470196
325.08591487
325.27111886
325.34821106
325.43315128
325.4980868
325.52268437
325.52408655
326.11650218
326.12700552
326.13259513
326.48845506
326.55971908
326.62411533
326.73674945
326.82419446
327.0437229
327.17804438
327.19891847
327.3103481
327.71565756
328.17954501
328.23002136
328.25028592
328.3908202
328.42838283
328.80274755
329.1228965
329.51427374
329.58127897
329.99697502
329.99888032
330.18994304
330.49045606
330.57364065
330.58510953
330.68515402
330.7622531
330.86437512
330.86856509
331.07503812
331.12791104
331.57823532
331.68025918
331.87008133
332.17626336
332.64028516
333.0181757
333.28094
333.36813232
333.63252774
333.64965343
334.2605605
334.35290907
334.48976012
334.5286797
335.13790113
335.21039343
335.22612559
335.32844462
335.38368752
335.44270449
336.01188114
336.20308522
336.21235182
336.30165383
336.31432198
336.39277886
336.48796191
336.56625917
336.66405003
336.75523639
337.18739323
337.23735398
337.27685418
337.42055656
337.54588745
337.60933474
337.97728152
338.28606731
338.40900782
338.42122003
338.59002841
338.66177075
338.87520466
339.06958953
339.08819875
339.08903759
339.27274596
339.4550148
339.4883456
339.52691826
339.67204082
339.67692206
339.91204557
339.96429421
340.05913618
340.12318891
340.19902148
340.28155966
340.37325192
340.76133689
340.85207655
340.92285548
340.95983285
340.99352006
341.08320626
341.20622982
341.38478666
341.42739067
341.53649144
341.56749276
341.63105558
341.64552623
341.89887979
341.92736616
342.20064842
342.20977102
342.21693777
342.65629086
342.69033345
342.90097906
343.16680591
343.25811877
343.49514297
343.6647429
343.80200099
343.84846172
343.85064155
343.97427569
344.01653813
344.15085506
344.27243733
344.47727664
344.68908167
344.70720506
344.76586275
344.91707826
344.98219154
344.98236444
345.06041713
345.19560334
345.26593387
345.61096014
345.61886333
345.68774265
345.82835529
346.01137787
346.02219258
346.39922857
346.4173797
346.45575817
346.49848612
346.53644328
346.59822294
346.87127276
346.96388231
347.06644071
347.28491635
347.32325143
347.33815354
347.36331195
347.51724183
347.53443833
347.74655436
347.81771894
347.94237031
347.94935488
348.00592873
348.33713233
348.43965207
348.51556911
348.57607622
348.68913883
348.69752714
348.84935123
348.85738147
348.99625243
349.0312607
349.12298527
349.16653795
349.22467077
349.22730415
349.31415327
349.44371059
349.50206147
349.68182811
349.78115318
349.9211078
350.06007304
350.21819876
350.39075554
350.42402383
350.44424166
350.61180285
350.81159152
350.86491277
350.87182233
351.01702802
351.08972784
351.13569222
351.69025862
351.75366623
351.76256069
351.81160721
351.91831803
352.04722289
352.04965298
352.05850662
352.1331367
352.4019889
352.5526198
352.74025872
352.74180064
352.90415342
352.99290382
352.99333859
353.20606002
353.28375116
353.40447983
353.5247445
353.58405873
353.92637484
353.94559485
354.19732369
354.23306429
354.30264071
354.31606812
354.44454752
354.71484371
354.81326653
354.88973709
355.02233513
355.08260852
355.14234784
355.23371813
355.24086015
355.60246795
355.62370304
355.74573941
356.05893739
356.12516361
356.13547296
356.14429955
356.30746699
356.42024083
356.98590033
357.06373423
357.21698549
357.21907241
357.35104557
357.39944476
357.5662413
357.77526926
357.82914197
358.11316144
358.48475832
358.59081662
358.6189605
358.62829875
358.9372531
358.95454177
359.23214017
359.24783105
359.30466292
359.60904166
359.69603509
359.700889
359.86477994
359.86804508
359.99864668
360.016442
360.07793613
360.17606837
360.31311365
360.39623552
360.45669747
360.46894362
360.59969331
360.91608333
360.99004708
360.9917916
361.24135089
361.33208385
361.56972669
361.5759184
361.62523691
361.79613817
361.8179202
361.90288189
362.23083243
362.34900727
362.49770751
362.52305601
362.53397365
362.63306103
362.69992927
363.13721022
363.21350837
363.25084913
363.36791104
363.43281978
363.43330617
363.64999597
363.84599861
363.92855615
363.94799187
363.97838163
364.00409602
364.00857371
364.13551866
364.23479868
364.37974574
364.47851072
364.59084081
364.59336216
364.64963711
364.68782186
364.72270824
364.96963317
365.01721841
365.73658933
365.88906355
366.01472524
366.12461985
366.24409563
366.32622485
366.33995073
366.40263836
366.53072784
366.59389177
366.76676679
366.84734566
366.88184037
366.95331948
367.01991404
367.52770588
367.56132321
367.56534774
367.83263078
367.83655396
367.84726751
367.87431512
367.96507461
367.9683489
368.13654153
368.24538168
368.40127477
368.41449079
368.47482592
368.48071994
368.54965966
368.63631323
368.72575315
368.7580981
368.79658587
368.87579782
368.93986744
369.14518241
369.16254027
369.59136299
369.83850233
369.84321649
370.02740843
370.27313177
370.3992407
370.63637325
370.73037495
370.88679523
370.92598349
371.4644508
371.47632617
371.47741171
371.61476813
371.85942441
371.88375625
372.06289094
372.12026082
372.37794436
372.62265354
372.68153895
372.69849221
372.76018574
372.78548807
372.86090477
373.07471598
373.14434244
373.15782
373.15814214
373.2108905
373.33196462
373.66331672
373.81314613
374.12484572
374.15730334
374.30861329
374.31407432
374.38204196
374.67378756
374.72315005
374.80548482
374.81958177
374.87412387
374.8828985
374.90162451
375.21896553
375.28376318
375.36881689
375.48058255
375.56435474
375.61714381
375.6314196
375.68769752
376.01601969
376.03104962
376.12667279
376.29119248
376.54730077
376.58801497
376.65148594
376.83974664
377.17952446
377.18874278
377.25059244
377.28342538
377.58402329
377.67207689
377.72714937
377.89693212
377.89730032
378.11736281
378.90076267
379.25342219
379.26605734
379.31549479
379.35060633
379.39401673
379.47708094
379.53578864
379.68209794
379.71491705
379.8657933
379.87791562
380.02438765
380.08857373
380.26592158
380.28077172
380.36926285
380.37717611
380.54788103
380.77358771
381.036607
381.15390591
381.3384061
381.34994488
381.40118448
381.4047953
381.50614199
382.06081935
382.28771681
382.57634793
382.58479137
382.66901822
382.83024198
382.8427656
382.87202267
383.07988574
383.46144852
383.49009648
383.80283307
384.21202393
384.25056812
384.62932
384.65444337
384.72313626
384.76780109
385.17874026
385.28546571
385.29730374
385.36943329
385.43476906
385.51205523
385.78180218
386.0508581
386.09487185
386.13704313
386.25156778
386.33729958
386.34822725
386.4137112
386.42472104
386.47425514
386.52738712
386.95064262
387.27654563
387.40976438
387.50221735
387.5748129
387.68118958
387.74239461
387.98256393
387.99073633
387.99274668
388.36520939
388.40139119
388.40582467
388.48937445
388.63871322
388.73742733
388.78910488
389.06507034
389.13729412
389.15364656
389.17325139
389.21503573
389.35054498
389.37347774
389.43332926
389.51539679
389.65515666
389.75066832
389.86126374
389.88465509
389.91280984
389.96463527
390.10600816
390.15258117
390.18643913
390.30466726
390.42235006
390.563317
390.6579732
390.8855428
390.96306438
391.00954866
391.03511182
391.06285135
391.26343342
391.69122097
391.75120881
391.99478339
392.00388337
392.01123619
392.12245479
392.22214294
392.24602681
392.44351071
392.51410213
392.75884628
392.7992187
392.83628191
392.84285855
393.05617199
393.32871654
393.64657141
393.69334837
393.86491924
393.92516625
393.92738195
394.13988035
394.18915452
394.26272964
394.49452883
394.57383441
394.63221999
394.71372323
394.77934646
394.82728181
394.93511767
395.01501012
395.03929329
395.04319453
395.23488926
395.3446129
395.56899969
395.56926169
395.5982706
395.68631713
395.72818776
395.80595992
395.827665
395.84244634
395.9811252
395.98576898
396.0505584
396.16438925
396.19224496
396.43840533
396.70241342
397.03871489
397.17453901
397.60226292
397.60418854
397.84477689
397.84687218
397.96288622
398.05857769
398.08253742
398.10291332
398.1042702
398.23777797
398.30721422
398.45625253
398.55959167
398.75790725
398.80292692
398.84919399
399.04438831
399.05726371
399.36162602
399.42368946
399.52814204
399.52819584
399.62884241
399.73816219
399.7395116
399.94525473
400.16706862
400.20782145
400.3325856
400.81168363
400.90524828
400.97533389
401.0703128
401.31970384
401.36420527
401.36828422
401.46931862
401.61119399
401.72527189
401.88462129
402.02440554
402.4859979
402.49086116
402.55854124
402.98030923
403.33104264
403.38136027
403.46570226
403.53492128
403.73507441
403.78565588
403.85603509
403.86901544
403.90286827
404.03064717
404.05036771
404.19079605
404.35818161
404.4002221
404.47237907
404.63929459
404.66514933
404.82846318
404.8343477
404.83725837
404.84478683
404.89493736
404.9348048
404.98589444
405.03009929
405.04787135
405.52188659
406.09092031
406.20751585
406.24005755
406.29205467
406.73106887
406.78588886
407.0547284
407.12873745
407.24753338
407.40442655
407.43130726
407.45496335
407.54292242
407.551798
407.69051151
407.75904741
407.84512548
407.92837729
408.09403001
408.22051799
408.37946962
408.57387107
408.61620415
408.72629181
408.77945961
409.03523319
409.38664736
409.41229504
409.50629562
409.6201192
409.69817802
409.7210896
409.79396681
409.89448642
409.95346576
410.44342854
410.52424847
410.60767026
410.61405124
410.74502105
410.75369802
410.77483072
410.80761483
411.11405762
411.20439979
411.2396154
411.5851044
411.64474633
411.75223365
412.10441811
412.22034836
412.55928313
412.61566237
412.71200906
412.83312784
413.22478465
413.37358805
413.38101247
413.64832642
413.75359632
414.04062745
414.04845862
414.06670649
414.24576569
414.26263836
414.30128222
414.33126195
414.72639071
414.77952384
415.00543066
415.1017798
415.10768653
415.44981435
415.73018761
415.87854645
415.93113932
415.93894929
415.94197739
415.98619539
416.04160962
416.09604383
416.19416646
416.22332827
416.33923054
416.61811919
416.99643355
417.00728609
417.14172973
417.35523355
417.45744236
417.47484944
417.48895114
417.54556965
417.91847073
417.94991729
418.16417718
418.24523214
418.33775828
418.37929417
418.40346251
418.52790545
418.63751624
418.68178754
418.73103228
418.99482892
419.03151992
419.13225278
419.15305499
419.27330791
419.33571421
419.38866255
419.39676238
419.40873573
419.47461708
419.70283306
419.80391203
420.05498729
420.06730274
420.25911532
420.53598016
420.59260164
420.82349661
420.90962253
420.97000989
421.21603308
421.41613118
421.60405241
421.64715743
421.68812198
421.83109243
421.94504681
422.12135821
422.21066596
422.36722624
422.38817722
422.51105063
422.53369351
422.57985902
422.81598407
422.84184941
422.84496342
422.89008198
422.96241755
422.99815811
423.09199912
423.20341487
423.23168536
423.29762496
423.33292455
423.39719138
423.424209
423.42464444
423.50258698
423.59397698
423.66674123
423.85295236
423.87951083
423.89148658
424.11121222
424.1321944
424.20763195
424.30200465
424.34174311
424.64352666
424.73508475
425.00414375
425.20814476
425.52917589
425.72912062
425.74971113
425.84455754
425.9056426
425.9233055
426.14545742
426.18640969
426.30403753
426.3232555
426.34030487
426.35341739
426.39264118
426.44210275
426.49271135
427.0578704
427.06667056
427.53190125
427.69787053
427.74490286
427.86076314
427.96160615
428.00662987
428.16807174
428.18797134
428.39785914
428.40631881
428.69619991
428.69973926
428.82975764
428.86427055
428.87982494
428.96781515
429.26354643
429.44423043
429.47662604
429.60767655
429.69060981
429.79550197
430.0792979
430.12922083
430.15921271
430.22447521
430.39713652
430.68545194
430.69566966
431.08687614
431.23043323
431.79592843
431.81198924
431.8634654
432.05478106
432.15863682
432.19105907
432.29664119
432.36480213
432.46315452
432.47426447
432.72409559
432.73890548
432.88591082
432.93225996
432.99287996
433.04811865
433.13025268
433.16461968
433.29107647
433.39256893
433.96442992
434.11326815
434.29586614
434.38627599
434.56080573
434.75012701
434.78107174
434.78852857
435.01258476
435.05143676
435.21050206
435.33871656
435.82603155
435.91962858
435.99032336
436.02988737
436.04267103
436.47709128
436.51383662
436.88950719
436.97681506
437.0382459
437.08769899
437.10729706
437.11136778
437.12798589
437.25974707
437.392404
437.40346593
437.40974124
437.54375788
437.69552899
437.72026959
437.89334974
437.89377505
437.94284709
438.13097368
438.13713605
438.22968293
438.27056835
438.33305118
438.46649699
438.49350732
438.56942633
438.73640372
438.80015726
438.89580315
438.97771496
439.03455761
439.14231407
439.29327458
439.38810458
439.4234076
439.64515264
439.69616292
439.74610822
439.8330102
439.96077096
440.11855665
440.18441466
440.21897469
440.32057626
440.36952344
440.54764815
440.62573505
440.82954737
440.84276838
440.85103219
441.18826393
441.19681022
441.20513611
441.25180481
441.36667695
441.38419491
441.48348519
441.62091905
441.78031842
441.8882811
441.98878053
442.06893837
442.11778763
442.43233397
442.44130346
442.45949471
442.50169013
442.64848286
442.68046898
442.6833101
442.70275114
442.79620828
443.25129781
443.29496845
443.36178153
443.6719368
443.73284022
443.81252944
443.83081443
444.03209879
444.16464354
444.16774898
444.52530368
444.62924313
444.66127912
444.8062172
444.88003076
445.0757447
445.10245377
445.12049528
445.24724434
445.37383142
445.48427007
445.60727864
445.64947923
445.66257907
445.74782626
445.83712691
446.34990859
446.52595305
446.82250881
447.41697317
447.56060575
447.8700789
448.28160322
448.32119047
448.34151786
448.35745707
448.35871501
448.54536447
448.61511244
448.7402035
448.74384379
448.82596131
449.26484078
449.53259242
449.5845052
449.59788659
449.61673483
449.67128768
450.03115782
450.05502642
450.10093569
450.14430262
450.19602812
450.33451866
450.5032453
450.59554478
450.61819172
450.90948747
450.94704317
450.95349686
451.11950215
451.22939278
451.29975468
451.37023672
451.37953782
451.56787321
451.73220264
451.81910132
451.86972563
452.01547736
452.12923854
452.15891678
452.15935778
452.18540971
452.30274555
452.34609081
452.3947674
452.73756066
452.76016929
453.07977082
453.13423103
453.15617154
453.39285201
453.54011402
453.54013853
453.54866749
453.56282741
453.62636331
453.7594695
453.85876164
454.08583398
454.09267533
454.186724
454.25748117
454.46197506
454.55367865
454.73527838
454.74078659
454.87012452
455.02571454
455.10478259
455.24018432
455.38687908
455.50393089
455.69107735
455.7395446
455.75790947
455.89598807
456.15122834
456.16359742
456.44346574
456.44831994
456.48413628
456.51462228
456.69719635
456.8639287
456.87250879
456.89225575
456.93799269
457.11710019
457.1391293
457.37189634
457.37555729
457.47918365
457.56469554
457.67140689
457.74657571
457.84318622
458.39496279
458.39973509
458.4242065
458.45643051
458.50898218
458.99405204
459.02478485
459.1665283
459.17364371
459.44445214
459.49889755
459.54054691
459.55365297
459.72281256
459.74515483
459.81127943
460.05313326
460.11194819
460.25867226
460.4217749
460.71513907
460.72054937
460.74136434
460.88619568
460.95660343
461.28131268
461.32170934
461.49400619
461.57459225
461.58973346
461.97772657
462.01525406
462.11677346
462.37382968
462.40844213
462.41812256
462.44101704
462.4647755
462.48442617
462.52273137
462.54567534
462.55268576
462.6262072
462.63925235
462.84607956
462.99333043
463.05826548
463.15166108
463.57879042
463.65476839
463.74523858
463.88037631
463.90619242
463.95948527
464.16080613
464.19596345
464.23588992
464.26349532
464.39800203
464.44146329
464.518952
464.59887704
464.64410573
464.67236546
464.84074197
465.2172711
465.23748367
465.57629298
465.76427484
465.85114359
465.90668302
465.91966997
466.12765857
466.1725413
466.19176865
466.2814423
466.32942089
466.3550944
466.51267428
466.74285147
466.75165392
466.75878962
466.84011821
466.97372935
467.01932954
467.02638973
467.19795719
467.19814583
467.20880886
467.24287589
467.28012436
467.33535635
467.52765082
467.54184094
467.88972297
467.96682138
468.06278881
468.11661085
468.12286365
468.19898328
468.23009058
468.27671768
468.57568433
468.73819351
468.96335814
469.0128784
469.10959426
469.20123395
469.329815
469.49396434
469.51584512
469.53062806
469.65886968
469.75109981
470.16032657
470.24390646
470.66320326
470.71997117
470.74619709
470.84256797
471.09365745
471.10683676
471.39586397
471.46124169
471.62873217
471.7486036
471.844954
471.94550422
472.16131076
472.3107658
472.38719226
472.46827335
472.51674721
472.66026773
472.89209635
473.07945273
473.24204784
473.4116215
473.79464109
473.99516423
474.0128439
474.12018674
474.26143987
474.45864359
474.79142865
474.79843347
474.93380481
475.04423909
475.06398278
475.11890752
475.28110885
475.2883655
475.43695198
475.64893218
475.73931042
475.76916306
475.80566839
475.83457132
476.2662134
476.28637302
476.29752266
476.50198696
476.52365807
476.58444597
476.69812165
476.78309694
476.8162032
476.89596691
476.95111165
477.09521269
477.19862512
477.55872654
477.90358195
478.22765998
478.3101624
478.35899293
478.51181647
478.5963056
478.65757594
478.69919019
478.81763933
478.88371534
478.90756354
479.0326918
479.11584005
479.16238268
479.34224806
479.34305918
479.38710584
479.49777551
479.52840412
479.82562307
479.9095076
479.91901573
479.93255558
479.94090922
479.98140342
480.11774916
480.18288957
480.27469686
480.27985165
480.56473573
480.83867014
480.85242411
481.2428907
481.75307812
481.89611242
481.92252821
481.94036163
482.01439455
482.02220478
482.47112658
482.79701998
483.03015878
483.07652558
483.19001445
483.96201593
484.11897042
484.12764697
484.24632602
484.32803453
484.52030388
484.81341642
484.8260292
484.83346704
485.05929306
485.07676439
485.0838472
485.24754452
485.29606039
485.36039548
485.46614385
485.66891481
485.7148791
485.87395831
486.2435676
486.30228259
486.80908952
486.89802464
486.96128566
487.0871062
487.15248104
487.26291673
487.29577145
487.34085728
487.45141215
487.68597066
487.83916157
487.9511563
487.97450873
488.32706213
488.44859185
488.55601836
488.55781675
488.56734101
488.57521826
488.61113402
488.63905402
488.67888567
488.82017477
488.8984526
488.96707471
489.14736608
489.20831607
489.67278676
489.83928265
489.91891591
489.92912735
489.98310751
490.11848222
490.16412114
490.25701163
490.34564217
490.47167903
490.7792867
490.82891853
490.98602564
491.05604252
491.06099159
491.53738489
491.64763891
491.68797037
491.71126294
491.85608886
491.90612179
492.00866175
492.06245622
492.11457563
492.15304743
492.24373247
492.42795655
492.53447417
492.63645489
492.63652322
492.63984002
492.79342274
492.91233296
492.9657657
493.22456741
493.22854713
493.34881444
493.36335911
493.38268619
493.40122191
493.67028502
493.97904852
494.06436986
494.114059
494.15345184
494.2031988
494.29289647
494.43950928
494.48288885
494.60164677
494.73673312
494.91994525
495.04168127
495.22080538
495.33551067
495.57175233
495.67678149
495.77164303
495.80097911
495.99934687
496.09911805
496.17920987
496.22723922
496.42787252
496.43212312
496.50125857
496.76031182
496.77007642
496.94858613
497.08422232
497.17593036
497.26503628
497.39106691
497.60806103
497.65927894
497.71124531
497.7783248
498.33644722
498.37434415
498.37469536
498.39701967
498.53775855
498.63944772
498.83197685
499.12388284
499.39930357
499.40217126
499.5899214
499.63334407
499.68381317
499.81209127
499.86087781
499.93154194
500.13046658
500.30000355
500.31185824
500.43687376
500.53027521
500.64188659
500.73551785
500.79756295
500.81026485
500.83262877
500.88890854
501.19493272
501.21026198
501.33111636
501.40514641
501.46610832
501.51205291
501.58607258
501.61699063
501.65252351
501.66390929
501.89216617
502.10349661
502.26016425
502.37532429
502.56634959
502.57066362
502.57098852
502.8996339
502.94244069
503.02355738
503.11411755
503.17003622
503.17981456
503.65141046
503.67903849
503.71852806
503.9383693
503.97747713
504.0575627
504.37248884
504.37939742
504.47174524
504.58940631
504.61587649
504.69076853
504.7733715
504.9163865
505.06785831
505.13779694
505.14869189
505.16989124
505.22876788
505.30398515
505.31669367
505.41289004
505.60917793
505.66627096
505.91508029
506.30627431
506.32466849
506.64529841
506.76082843
506.78304298
506.79754201
506.81509077
506.83035951
506.83116234
506.94398381
506.94960329
507.00106689
507.70646217
507.78870762
508.16533613
508.21073791
508.29884967
508.43258995
508.4913908
508.74080425
508.9462691
509.14452284
509.20875557
509.21707907
509.23412138
509.24002552
509.30183835
509.31923263
509.47174261
509.49570044
509.56945239
509.56965563
509.72043867
509.7206973
509.92155651
509.9294604
509.9623214
509.97326549
509.97726039
510.36974284
510.45186609
510.45695446
510.50565368
510.56668228
510.57457821
510.79497919
510.81567543
510.85154468
510.87409135
511.36767185
511.43334218
511.48039965
511.53187647
511.58938537
511.73943546
511.74224609
511.77168874
511.84334063
512.2236831
512.36609345
512.49097019
512.61928508
512.62826092
512.64587589
512.67469037
512.71505831
512.71821953
512.88800274
512.94098403
513.0280892
513.04768378
513.2268266
513.26438251
513.47464591
513.49100984
513.52396768
513.59884795
513.65296305
513.90230402
513.96843274
514.0181579
514.65242349
514.65534001
514.68310077
514.68685676
514.82442311
514.83288957
514.86148601
514.94506602
515.00097524
515.04161491
515.11846045
515.38856782
515.43067589
515.43535544
515.48258224
515.6697384
515.76269526
515.84286496
515.89043727
515.98321119
515.98911005
516.35304357
516.37559507
516.41512708
516.43485509
516.61950233
516.68092012
516.68572091
516.76240952
516.83484853
516.91593719
516.94912797
516.97082741
517.01523931
517.0465934
517.06103179
517.10049712
517.13170373
517.15118846
517.71192411
517.71622053
517.85024309
517.96434928
518.02410005
518.14790839
518.26885274
518.39300846
518.39580149
518.8077733
518.95023814
519.11921878
519.431072
519.50625615
519.56179231
519.72971
520.0061241
520.08792052
520.10816501
520.60923859
520.66491352
520.72557921
520.7763853
520.8138815
520.81759338
520.91640578
520.93292597
521.02668983
521.06798327
521.13651825
521.38095029
522.00699326
522.01900458
522.2579446
522.35518566
522.53494999
522.55158982
522.62251769
522.64762943
522.73711593
522.74240677
522.89780714
522.92112362
523.01697356
523.04865677
523.18005311
523.19199347
523.35836933
523.98733785
524.07387461
524.26559344
524.38349324
524.52007879
524.53782318
524.61491396
524.75578492
524.95545371
525.11132218
525.25576099
525.38100179
525.45819511
526.65420172
526.86597141
527.18939326
527.20955177
527.63601489
527.6411288
527.74749581
527.85599408
527.97318846
528.11159834
528.76676593
528.83102579
529.23468954
529.2863625
529.31597969
529.55541286
529.75793612
529.96855328
530.05884316
530.2532518
530.57246153
530.57623401
530.57915806
530.68638539
530.7876505
530.93793963
530.98245306
531.10953834
531.129118
531.13402923
531.14019266
531.27676577
531.34450042
531.37973955
531.49130165
531.76708154
531.78598601
531.789415
531.85323053
531.99071893
532.21100198
532.34775786
532.40554061
532.43668762
532.62229544
532.62305883
532.77757978
532.9007319
533.33307023
533.48792582
533.74941642
533.98873097
534.15937046
534.29346714
534.44230079
534.47167106
534.47889539
534.55573947
534.87315686
535.04090296
535.07054461
535.21122386
535.24062959
535.34170654
535.46445649
535.48765898
535.56721123
535.93945006
535.97824184
536.08381268
536.8031093
537.26440556
537.4923118
537.65816109
537.66573623
537.66816232
537.81882253
537.95596923
538.07399274
538.28738847
538.41165893
538.58825584
539.07417298
539.23293431
539.46274117
539.59915417
539.73594911
539.78263022
539.87404604
540.16268724
540.43374081
540.46622315
540.86050989
540.88352864
540.93936099
541.04434995
541.045943
541.16717179
541.19955434
541.236634
541.46853651
541.52581692
541.53999787
541.61072736
541.72410867
541.78638221
541.92907955
541.973411
542.0804382
542.15769
542.16617664
542.32121661
542.54627783
542.72336223
542.9403067
543.15363028
543.19609224
543.44748693
543.745503
543.95923068
544.0586518
544.08527389
544.13596398
544.21783387
544.71059204
544.75674952
544.78772485
544.98646997
545.1712581
545.58845233
545.66700739
545.675658
545.82248931
546.03703455
546.05924557
546.2427591
546.52715227
546.52984805
546.57019981
546.5935086
546.63339265
546.8463854
546.84690974
546.95125751
546.9674443
547.05503635
547.15449655
547.19603282
547.35915422
547.37524622
547.53203241
547.85132986
547.99869395
548.26855845
548.36331685
548.45716667
548.56230636
549.20061233
549.28302265
549.31449704
549.54200354
549.68869361
549.79927299
549.87022949
549.88626476
550.17365314
550.20504686
550.50500989
550.51040587
550.51139233
550.62210385
550.76902187
550.79591675
550.91876279
551.10473968
551.19311357
551.19336845
551.54839393
551.73492578
551.74113276
551.77305173
551.80810104
551.96068034
552.00771907
552.07351915
552.20527947
552.33479629
552.34487187
552.35306223
552.48190778
552.83970925
553.25584302
553.36808051
553.63564841
553.67358169
553.84858967
553.8510612
553.9117154
554.56330711
554.78784429
554.82628573
555.08917262
555.23709127
555.3177257
555.42499629
555.45069286
555.87789336
555.89229408
555.96937315
556.06535211
556.34551218
556.35177323
556.37784808
556.40363386
556.50512532
556.58274748
556.63065612
556.657585
557.33636629
557.43088284
557.43473629
557.58111929
557.87987895
558.11077282
558.12089789
558.32295257
558.65093601
558.69154872
558.76127995
558.82275999
558.82450629
558.82620805
558.83433403
559.37863047
559.38313823
559.46672701
559.51179511
559.51501196
559.59814723
559.8979856
559.96322414
560.08713354
560.21173067
560.39028236
560.55356907
560.67503352
560.81436634
560.83612386
561.38190982
561.42897454
561.45674051
561.50398912
561.81278258
561.93141761
562.10976919
562.45967952
562.50860487
562.60859205
562.67409249
562.92325845
563.14380136
563.29814131
563.5612545
564.20803576
564.57210638
564.69060989
564.90815827
565.51544042
565.53572659
566.02576666
566.18918025
566.22973625
566.25238967
566.45495784
566.52501173
566.57915071
566.60142688
566.8013886
566.84274466
566.95401439
567.13785002
567.45321061
568.19856485
568.59086521
568.83242741
568.86437981
568.89064119
568.90087601
568.91250089
569.04646318
569.15664089
569.49018564
569.91383803
569.94493346
570.45097702
570.48838349
571.26728034
571.27196328
571.51010035
571.58683773
571.60842261
571.93458655
571.99199117
572.20324704
572.42105208
572.75739544
573.12308849
573.12919779
573.26141912
573.27579725
573.60390965
573.63424854
573.74560283
573.77424695
573.93258779
574.00384503
574.07265072
574.09911684
574.19349334
574.34586861
574.47621946
574.53308676
574.53577217
574.66601987
574.67703576
574.677346
574.91227697
574.98854769
575.10000632
575.23304692
575.43108812
575.67253806
575.80694342
575.96042083
576.13328972
577.09672435
577.32324977
577.52417426
577.54936747
577.6113578
577.78817839
578.10965002
578.13765486
578.16892109
578.22202415
578.34216958
578.48273996
578.86748353
578.99601701
579.25916919
579.46493945
579.53031915
579.77411152
579.97163361
580.07892274
580.29838527
580.33761498
580.35279153
580.53112349
580.54603023
580.61968285
580.71141692
580.8716906
581.05347733
581.09577993
581.16734237
581.26298726
581.26698484
581.27159916
581.51795425
581.63159172
581.875602
581.94996045
582.36387732
582.6480742
583.18499142
583.24637221
583.45586657
583.49709798
583.71746062
584.17274443
584.17900758
584.31295727
584.35231144
584.50604534
584.53121862
584.55597593
584.62599319
584.98918428
585.25251775
585.38443161
585.72960229
585.81586666
585.94853474
585.95911672
585.96720525
586.1053966
586.15224506
586.24621851
586.33624543
586.40205405
586.53024975
586.62975171
586.66801599
586.68202004
586.8199505
586.8832247
587.09723395
587.41299681
587.65964406
587.89784213
587.90345194
587.97951895
588.38218489
588.49188622
588.52030049
588.54577108
588.78090002
589.06828216
589.32330972
589.33571774
589.39174265
589.44556722
589.51572746
589.99554647
590.27447112
590.2755746
590.37386056
590.402121
591.20418785
591.22868549
591.38078818
591.40253285
591.47939004
591.51224069
591.68569007
591.78152574
591.85158918
592.33680374
592.69622185
592.7462528
592.88240774
592.98494234
593.02121979
593.04873816
593.26022531
593.46485419
593.66754192
593.69031415
593.82942242
593.92379627
594.08758006
594.09859977
594.11029448
594.37913962
594.63676089
594.64735065
594.84225983
594.93384874
595.00978015
595.0374962
595.46534159
595.57291966
595.66812622
595.69135773
595.75334727
595.84211674
595.91299787
595.96243282
596.08280332
596.10165775
596.40374939
596.91132356
597.00821987
597.14972252
597.33838416
597.58444948
597.66321957
598.06430956
598.08243395
598.10246333
598.40057278
598.49060175
598.52025377
598.57968958
598.60578059
598.93232035
598.93357712
599.16757141
599.35224496
599.36111392
599.36148829
599.38491613
599.49898677
599.59976546
600.34645125
600.44029998
600.5738298
600.70710573
600.99678883
601.00722521
601.05384657
601.14573502
601.19149373
601.7369981
602.02626358
602.24399372
602.24704156
602.40536244
602.46383704
602.97573661
603.00251278
603.21366603
603.50995777
603.74402615
603.92486986
604.16853785
604.58243223
604.7139336
604.71675911
604.82191885
604.98966669
605.04976982
605.19389122
605.46816602
605.69085837
605.79277466
605.89377125
605.93512055
605.95660419
605.9588628
606.01665951
606.1999653
606.22220217
606.27021655
606.51077182
606.99342354
607.28669514
607.28701885
607.30683809
607.57372529
607.61965089
607.64584998
607.9694944
607.9916441
608.52737354
608.62937565
609.26578552
609.49169022
610.02801472
610.03350966
610.04869052
610.05068033
610.12074547
610.19603788
610.23794907
610.29583621
610.35795824
610.66414732
610.67365573
610.78406649
611.01597751
611.19469039
611.25875672
611.35694375
611.52425016
611.85257341
611.86887219
611.94600596
611.96120192
612.15398147
612.19813063
612.54129893
613.07787502
613.12153808
613.25697683
613.65500589
613.67861751
613.85358443
613.87009004
614.07850916
614.29113837
614.36096605
614.47333851
614.5814447
614.71896918
614.95218825
615.28879922
615.38090144
615.54334348
615.93029661
616.09704562
616.27166997
616.36079705
616.4480023
616.48505076
616.5038493
617.15714437
617.18127852
617.35494508
617.48030421
617.74777019
617.77665194
617.86622808
617.93106713
618.04058563
618.05182885
618.26382203
618.42931523
618.47403597
618.54789363
618.71254984
618.771029
618.78596571
618.96164862
619.04388348
619.44372077
619.59753922
619.60085465
619.62356721
619.6853223
619.92162975
619.9606178
620.04807334
620.36956286
620.41972162
620.43260649
620.44431228
620.46908526
620.4840242
620.58825096
620.70613787
620.74792808
620.89328014
621.01183391
621.1339471
621.28406868
621.33468525
621.62744744
621.71548944
622.07990635
622.41774293
622.77792488
623.11141861
623.12954343
623.13196089
623.37384746
623.40712891
623.76122167
623.76477705
623.91226994
623.92578316
624.057008
624.92939827
625.99805982
626.03292148
626.11355355
626.28943351
626.29061809
626.50197282
627.04497844
627.33393371
627.50287928
627.85466784
628.01102087
628.19296165
628.49234545
628.86597222
628.86688847
629.12138923
629.15856677
629.17266653
629.28554782
629.34494048
629.67685206
629.68492314
629.69964107
629.7592521
629.96913849
630.00693415
630.10134485
630.18819862
630.20665144
630.87355111
631.025875
631.40498308
631.59267287
631.7882626
632.39436663
632.42181056
632.59483363
632.83484102
632.88081241
633.34549508
633.43084102
633.44997011
633.48713401
633.53708139
633.55958255
633.59132388
633.73571344
633.73840211
634.14567861
634.52523557
634.85907565
634.9632229
634.98378433
635.1316473
635.40172558
635.41160472
635.50157809
635.84077575
635.88644862
636.41312207
636.45223157
636.466491
636.55246986
636.8891514
636.9562882
636.96822642
637.05743404
637.31394574
637.77106614
637.88963209
638.29399252
638.51046476
638.59961007
638.67651812
639.12546035
639.15476507
639.47665387
639.51892389
639.61850199
639.82988968
639.86854874
640.41807755
640.56510474
640.59262692
640.64143584
640.81514044
641.0600659
641.26203779
641.39461631
641.3985626
641.43077754
641.48388517
642.13706569
642.14361414
642.39171255
642.5776187
642.66894145
642.85444418
643.07625895
643.13412713
643.41775938
643.67006483
643.70108581
643.89665683
644.10526854
644.7299067
644.93796119
645.04863968
645.06317701
645.09485174
645.29662546
645.42156234
645.56841171
645.93852105
646.23843062
646.33473847
646.4007141
646.45739104
646.46235872
646.61185678
646.87132556
647.04629292
647.16034984
647.33515403
647.50397617
647.86347011
648.44244295
648.66836388
648.75704965
648.81993047
648.89494396
649.13111893
649.243635
649.57743907
649.68192507
650.46131221
650.67673898
650.91112932
650.9921877
651.14509435
651.26590662
651.27860044
651.56831086
651.81039049
652.08603803
652.4666651
652.54039503
652.61575125
652.64590264
652.67344833
652.85007652
653.26465029
653.30374496
653.95422486
654.34458811
654.84816946
654.85641911
654.86423834
654.87199292
654.93066363
655.08597539
655.43692907
655.46872252
655.58483123
655.63334015
655.84180182
655.84863303
656.06896156
656.1876396
656.19574064
656.96705178
657.32200224
657.49416461
657.91894192
658.81633027
658.85264352
658.86739524
658.99989843
659.39902965
659.62710202
659.64899451
659.95966214
660.04996961
660.23752739
660.81253762
660.83860077
660.94972042
661.08126367
661.15072857
661.16085985
661.22112918
661.48734358
661.87888143
662.17449825
662.54845957
662.59270991
662.95817925
663.01034094
663.03462933
663.27577609
663.69927655
663.72719998
663.77112904
663.82294273
664.00318632
664.08761786
664.48369421
664.50276266
664.67132824
664.82259478
665.43714281
665.46168501
665.61462407
665.63286636
665.85707804
666.33301906
666.37756871
667.2015443
667.41225592
667.43260795
667.560524
667.78681984
667.89660031
667.92363092
667.94473191
668.12872135
668.1436143
668.15803453
668.60297999
668.87981743
669.00313713
669.08479871
669.87824638
670.04416403
670.18395961
670.48946175
670.60345352
671.57673307
671.6343505
671.9216302
672.4406308
672.55995163
673.10781898
673.2288847
673.70954058
674.16501427
674.18711484
674.31890657
674.55520845
674.74422835
674.85648212
675.21707803
675.31086253
675.64734941
675.71189616
676.0654748
676.10942566
676.21779462
676.67009082
676.80095699
676.89835225
676.98337501
676.98583717
677.17365664
677.32885165
677.60059195
677.81523702
677.89803627
678.12875062
678.26796016
678.41276896
678.63528495
678.8051242
679.41213338
679.45435401
679.62563479
679.9364323
680.4241205
680.45627865
680.60555081
680.64250607
681.20138441
681.23656688
681.33852292
681.41007897
681.6644362
682.70391366
682.71046085
682.71696912
683.03804964
683.16975477
683.66149713
683.98110357
684.30450125
684.44970332
684.92516569
685.01090234
685.01633887
685.31499232
685.32357413
685.32972713
685.66937255
685.83021083
685.966769
686.13178493
686.13544628
686.17550221
686.4294703
686.82426347
686.86095799
686.96445795
687.15160637
687.93319086
688.14082507
688.55034656
688.64607379
688.95929989
689.0813398
689.23112462
689.98912677
690.29206544
691.66311326
691.85765012
692.13231342
692.256675
692.51253399
692.63949197
692.67962623
693.12565023
693.13532155
693.1511723
693.19374399
693.28341749
693.8718883
694.04055278
694.14026229
694.16779224
694.17908246
694.29793603
694.47619919
694.52882963
694.76144779
694.81750605
695.00364839
695.02968899
695.28798901
695.55996305
695.87155479
696.00452413
696.28299105
696.51342573
696.56715586
696.71519139
697.25114341
697.4211555
697.65954916
697.94986186
697.97117843
698.02757236
698.33978614
698.45777131
698.48169546
698.489334
698.49692293
698.55397644
698.58651581
699.08414187
699.47635915
699.82569338
701.23228949
701.36026724
701.4013751
701.52264685
701.56209324
701.58243486
701.89422529
702.48037533
702.59660172
702.718727
703.25651735
703.74694258
704.38096238
704.7840897
705.59148094
705.68209972
705.95578662
706.51224661
706.6042695
707.08706435
707.29003112
707.88274914
708.43336897
708.50695465
708.64136106
708.87333607
708.99406318
709.06369419
709.10845519
709.3207598
709.59037723
710.10951823
710.86102259
711.09225186
711.28650041
711.89231634
711.9809572
712.55817032
712.5774438
712.72259848
712.78851754
712.875759
713.15658273
713.37707028
713.7345249
714.3478722
714.46846567
714.52136331
715.77537223
716.0552073
716.19037034
716.54449217
716.89828726
716.93079229
717.03663167
717.54265501
717.71583545
717.74343195
717.98181645
718.13192729
718.2115703
718.29058444
718.91013177
719.13393753
719.31761245
719.56295493
719.60562488
719.60854386
720.05340081
720.18862381
720.51881793
720.91437334
721.20859334
721.2871623
721.35511308
721.41050369
722.19423596
722.27521118
722.35168795
722.5130434
722.62053077
722.75827231
722.85080529
723.3604799
723.39534464
723.43481439
723.69634067
724.45998171
724.85548788
725.17300485
725.20581939
725.40238574
725.70198885
725.86717391
726.99235233
727.86866713
727.90707407
728.02832916
728.38589987
729.7013934
729.91352241
730.11449511
730.38302174
731.1404835
731.24239038
731.52241799
732.34287069
732.37941964
732.8310421
732.98054326
733.09762975
733.31812387
733.34032168
733.53992543
734.18665214
734.20757657
734.58944506
734.80452216
734.83431842
735.01789787
735.1045562
735.22187504
736.61961395
737.20462803
737.46562503
738.16463587
738.46428628
738.65904062
738.78117754
738.90470595
738.93414762
739.31581823
739.48703739
739.93964803
740.58354979
740.84590045
741.25657184
741.55708936
741.5600084
742.75255211
743.0373753
743.04881085
743.6002336
744.25841583
744.30466706
744.33002008
744.38880068
744.43313009
744.71826224
744.87076814
745.33909371
745.83168213
746.30961384
746.37595255
746.75793748
747.57589828
747.93090576
748.39864868
748.58017129
749.12963021
749.5092551
749.59417217
749.8001585
750.49431244
750.53696353
750.65338793
750.85959824
750.90702514
751.01933072
751.9924484
752.20075344
752.55114892
752.5745409
752.72735974
752.8971831
752.92140744
754.07515949
754.41172861
754.46503409
754.77240108
755.12771561
755.38855828
755.66952516
756.06768824
756.27736438
756.82778915
757.24680875
757.73857727
758.52383624
758.54311011
758.62969804
758.95852617
759.2268009
759.46455927
760.57741708
760.62279091
760.74916857
760.77814581
760.79764346
762.34345905
762.54579641
762.73352766
762.83889594
763.11545834
763.25479865
763.63205314
763.67454118
763.70916794
763.72826836
764.10474803
764.25119524
764.93998426
765.49203694
765.73890494
766.12114738
766.7164497
767.21759451
767.23758298
767.36180826
767.44314312
768.36042135
768.42991813
769.13182451
769.46158184
770.38778322
770.71524042
770.79617178
770.80093795
770.87540678
771.14397057
771.49252682
771.95026008
772.65508462
773.17176537
773.2585517
773.31618317
773.37149554
775.28894842
775.82176959
775.9914141
778.33074871
779.08765699
779.22249436
779.24743829
779.44332728
781.64581633
781.67529268
781.67772091
781.89876724
782.39624657
783.10791474
783.3293916
783.74731975
783.85662261
784.29736774
784.31944121
785.92916606
786.03600002
786.17567436
786.35095164
786.5913303
786.65207817
786.85512055
787.03724678
787.98620478
788.45014237
788.49285577
789.15516139
789.17564698
789.27628936
789.47340582
789.85287595
790.04117603
790.16718059
790.2753152
790.31124222
790.73269171
791.49900573
791.57239586
792.32797014
792.3565017
792.81657015
792.85000347
793.68179922
794.29987753
794.99094895
795.06972626
795.84533609
795.96552884
796.41028564
796.50721724
797.35401679
798.27020765
798.50270821
799.29115536
799.32513824
799.91897253
800.80303937
801.08011859
801.75565969
802.39007311
802.44434156
802.81133974
803.96044334
804.42260258
804.7696313
804.9844567
805.13198007
805.47165615
805.7111095
807.36014085
808.10806187
808.11655709
808.15181103
808.29773696
808.33855006
808.36921889
808.59814524
808.66826699
809.02051139
809.04121214
809.46210542
810.63614961
810.70793816
810.91835663
811.00719429
811.6385564
811.84483606
812.5948224
813.10148085
813.29190569
813.63282534
814.26407794
815.00106302
815.16692504
815.20953469
815.38273124
815.43123924
815.98907778
816.27527895
816.45509758
816.669537
818.3929422
818.63542392
818.84771818
818.88463462
819.27933024
819.32829915
820.03574322
820.39536179
820.43020043
820.48538712
820.96893401
822.15097996
822.17534025
822.25601381
822.29684577
822.76307479
822.95115229
823.23576796
823.69620241
824.70142968
824.80200203
824.88524719
824.89129532
825.00610864
825.17891227
825.86183137
826.16187804
826.357845
826.6033635
827.03254919
827.29963977
827.43377675
827.92848247
828.54079122
828.7095957
828.95908016
829.03748596
829.04499943
829.7743542
829.96437804
829.98172881
830.12167183
830.13238135
830.18996295
830.23768356
830.26648041
830.5137372
830.76269339
830.82844591
831.1858601
831.19327934
831.20261718
831.29117409
832.22814653
832.37952884
832.62642368
833.0984742
833.34967942
834.66740458
834.8153233
835.01750498
835.03712361
835.94089742
835.983499
836.44966649
837.26936376
837.30720456
837.99833859
838.17631971
838.48365405
838.61562484
838.64588668
839.30663473
839.52584467
840.14882367
840.88461781
841.19839927
841.45326757
841.534647
841.78760592
842.63166468
843.59433192
843.95400697
844.11221798
844.21360538
844.69378047
845.02429864
845.33206476
845.42104098
845.77834475
845.86341162
846.64344173
846.81699907
847.38059467
848.33881713
848.92374306
848.96689988
848.9895649
849.00354608
849.06462176
849.9286813
851.09833479
851.24289939
852.03844966
852.06382731
852.0699713
852.17912291
852.2084512
852.29385705
853.6436463
853.72424068
854.7275139
854.84614617
854.93057415
855.72479481
856.29793963
856.90629181
857.24690151
857.61422827
858.14639572
858.24356132
859.18500772
859.48683345
860.55860335
860.91427532
861.26768089
861.38538997
862.79072559
863.22726981
863.84034995
863.94430104
864.2199724
864.39922248
865.00231206
865.18436649
865.38330735
866.07776259
866.28705175
866.41575502
868.377162
869.31566555
869.5523518
870.15711649
870.70462197
870.9110178
871.97506974
872.02954937
872.09662625
872.15021764
872.44506165
872.66676081
873.15102228
873.54761283
873.56988367
873.68782837
874.30199195
874.54614128
874.94149809
875.36928812
875.90849828
875.93879005
876.00810394
876.01816334
876.50295388
877.30037392
877.57413402
877.85132941
878.07641477
878.26786128
878.6289144
880.23582866
880.42264136
880.89686922
881.06547069
881.17790177
881.44782353
881.93949824
881.98799529
882.15022197
882.50909134
883.38507538
883.79503421
883.84061107
884.10049975
884.33719577
884.78954081
885.0794167
886.09692379
887.26983186
887.7062883
887.81632985
888.10730613
888.23697447
888.33464548
888.34562746
888.56828501
889.85905561
889.9280604
890.16471353
890.17164278
891.25606915
891.47382806
891.51743846
891.86925418
891.9071434
891.97157951
892.5193501
893.43205096
893.46442542
893.49916004
893.80242323
894.88646522
894.99476014
895.51233646
895.53675969
895.85930134
896.13905189
897.06883247
897.77945228
898.79990721
899.11090093
899.12243869
899.6951935
899.98056004
900.05159877
900.41947465
900.42903854
901.2014644
901.35286326
901.47578987
902.31180211
902.3732077
902.60175432
902.85522514
902.99497864
903.46407885
903.78471608
903.83034869
904.18131306
904.36523218
905.09410717
905.10340252
905.23100177
905.29036885
905.33071034
906.10106287
906.39178194
907.01504008
907.03025562
907.13572501
907.25404343
907.34404152
907.64820019
907.98647924
908.04897972
908.25934011
908.32468668
909.29850103
910.01509566
910.45324108
910.71453892
910.94960606
911.57232269
912.09014162
912.1354341
912.48504264
912.77853904
912.81627047
912.8967179
914.99863352
915.12154017
915.4523638
915.59168355
915.60262503
916.34945668
919.682169
919.77690434
919.87399452
920.23585827
920.40396929
920.95774547
921.51014125
921.57920035
922.27468043
922.58332854
922.93527998
923.28356842
923.60725442
924.14946681
924.96449642
925.15368221
925.41984638
925.58031394
925.77813451
925.79311256
926.22950647
926.45982794
928.00310386
928.23923517
928.89105076
928.99733331
929.10595371
929.20607285
929.20619173
929.61537519
929.85328483
930.49427193
930.75355012
931.00369597
931.68007347
931.68267622
932.07125371
932.70388136
932.86400313
933.32835301
933.78737746
934.02439202
934.85630473
934.93785207
935.78183468
936.46827385
936.8417306
938.55183093
938.83563714
940.45837401
941.88892736
942.06992952
943.19559453
943.34163156
943.45033683
943.52000194
943.76626001
945.35209393
945.80094206
946.70145098
947.26320112
947.29726017
947.32440015
947.35992004
948.83871322
949.72672352
949.86922007
950.53435754
950.57560737
950.61910011
950.83968747
950.84595847
951.26382246
952.28902728
952.49593609
952.69894499
953.3673456
953.66776879
954.11326527
954.18374146
954.52753659
955.05100036
955.24229576
955.33262448
955.44047372
955.55284753
955.87195754
956.06028293
956.38479922
956.70265577
956.75856926
956.96065017
957.29110324
957.76265756
958.20077793
958.23540187
958.82425007
959.76580927
960.1372769
960.24454792
961.81812908
962.29498157
962.3606703
962.43361662
963.30171675
964.13418531
964.32702938
964.69275494
965.38795086
965.85215628
965.94580978
966.07631413
966.23668081
966.93249621
968.11616471
968.12644685
968.56483962
968.82853316
968.95218584
968.99944694
969.34365982
969.56032046
969.88136059
970.34509393
970.5008793
971.50948086
971.68219744
971.99814518
972.98481847
974.07626873
974.34047996
975.60803298
976.23268273
976.26491996
976.50225529
977.06664271
977.25603024
977.29424442
977.37022
977.81365782
977.97821903
977.99795359
978.14306201
978.28755069
978.76477272
979.07276218
980.27389381
980.56820735
981.06721541
981.14793748
981.20978419
981.59680967
982.08466636
982.58727371
982.90413754
983.14475468
983.33455696
983.45910822
983.65832675
983.73703478
984.14206804
984.43698087
984.98286247
985.69319008
986.20707145
986.88976
988.11439866
988.3180808
988.6483957
989.46019753
989.86352469
989.91745126
990.04414787
990.92928734
991.40101633
991.60266047
991.6563392
992.47956008
992.86254334
992.9748352
993.21331656
994.54387074
994.80981599
995.1723118
995.47589763
995.63206562
995.89070931
996.19637915
996.86418959
996.90501484
997.11658974
997.68311275
997.91613402
998.21500287
998.25444453
998.51824698
998.71526183
998.74773928
999.3425488
999.46572809
1000.40490343
1000.69388892
1000.69805946
1000.73362904
1001.08461947
1001.38058161
1002.45096968
1002.51856253
1002.8815787
1003.10007292
1003.92620862
1003.97784018
1004.36999397
1004.390926
1004.45249468
1004.49342141
1006.87661806
1007.71702918
1008.38645359
1008.43226011
1008.44699082
1008.55143925
1008.75091476
1010.05481043
1010.39408994
1011.7019464
1011.81003611
1013.87282757
1013.91714203
1014.44010831
1014.85236861
1015.04171716
1015.08407434
1015.83608165
1015.9558285
1016.25508524
1016.41883946
1016.61962265
1016.65431925
1016.97443012
1017.65905984
1017.72690242
1018.03880544
1018.7906543
1018.99862498
1019.39962063
1019.6513011
1019.79366227
1021.25887725
1022.0123542
1022.22998566
1022.81264589
1023.33927266
1023.90255099
1024.23630482
1024.44195793
1024.50013171
1024.70423494
1025.21344
1025.61638144
1025.63019327
1025.77490239
1026.0805292
1026.35261734
1026.51770455
1026.60378988
1027.0660094
1027.13808473
1028.81077636
1029.65306185
1030.0644848
1030.45107737
1030.55024874
1030.68379952
1031.23980259
1031.30552778
1031.35023304
1031.71704231
1032.08871115
1032.38503495
1032.62497243
1032.92779893
1033.75572602
1033.89608807
1034.96834768
1035.01695025
1035.03472455
1035.10251546
1036.45356564
1036.81004079
1037.7723609
1038.13169162
1039.29626191
1040.47707087
1040.56538461
1040.92344242
1040.9578606
1041.13093159
1043.28401652
1043.38633364
1043.7042947
1044.02344002
1044.232228
1044.24603097
1044.3656737
1045.62518237
1045.94134168
1046.0622488
1046.50535123
1047.11966729
1047.1592126
1048.20605049
1049.0611941
1049.83007451
1049.86959204
1050.04637965
1050.09202629
1051.61655737
1052.22986629
1053.41967567
1054.8284993
1054.87048172
1055.02594488
1055.51800663
1056.3009259
1056.41290028
1056.46756487
1057.1774946
1057.99217966
1058.75243871
1058.77040057
1058.92136201
1059.63326414
1060.05731886
1060.36999956
1060.55004386
1060.81117886
1061.18222249
1061.59003004
1061.68539199
1061.79383577
1062.71692598
1063.21098709
1063.22531673
1063.22583823
1063.68545932
1064.01471207
1064.18585522
1065.16336105
1065.79974959
1067.173304
1067.25536745
1067.25582019
1067.76355088
1067.92142928
1068.17520381
1069.01827321
1069.62352653
1069.83865289
1069.90882706
1071.39852851
1071.71925083
1071.75116832
1072.07358102
1072.95974821
1075.04707916
1075.31406803
1075.66441104
1075.792331
1076.96336224
1077.39267323
1077.47421824
1077.89834239
1078.12587232
1078.41039786
1078.62435651
1080.0469133
1080.51745544
1080.79136814
1080.92861829
1081.94545286
1081.98833167
1083.09026184
1083.27424757
1084.2758649
1084.40757402
1084.56897112
1085.32012527
1085.52134387
1085.69578459
1086.04321815
1086.77172543
1088.03073909
1088.04129423
1088.11742727
1088.34167673
1089.46585405
1090.25197354
1091.29405514
1091.30334673
1091.36608423
1091.40281501
1091.86047349
1092.01560359
1092.37242932
1092.52634163
1093.51850437
1093.86615647
1093.97636953
1094.14792939
1094.58955363
1094.93284253
1095.1810776
1096.14174469
1096.24298926
1096.35218776
1097.02752248
1097.69777697
1097.82724675
1097.89638126
1098.59857342
1099.57484053
1099.86179654
1100.31481428
1100.66498441
1100.84505421
1101.89241946
1101.91389668
1101.91918719
1102.12631803
1102.55546076
1102.57573762
1103.21846781
1103.29870145
1103.63651154
1103.91573603
1105.19308423
1105.26028977
1106.4156703
1107.19223041
1107.56893334
1108.85554766
1110.30623776
1110.78477756
1112.11411425
1112.39376634
1113.71345684
1113.72317629
1114.70118385
1115.73537677
1115.75306952
1116.96137573
1117.26901457
1117.75103592
1118.36021564
1118.72849053
1118.87979301
1120.13973313
1120.15888622
1120.18219291
1120.90847541
1121.128294
1121.13246095
1121.20115531
1121.56800526
1122.45289661
1123.61793109
1123.69983506
1123.87486218
1124.70335257
1125.08245393
1125.11091704
1125.12474375
1125.22309238
1125.6961736
1125.88581466
1126.02800632
1126.65037814
1126.69038068
1126.98013141
1127.21681418
1127.6067983
1128.29542316
1129.27746396
1129.44979317
1129.69146449
1129.79303181
1129.99661004
1130.20342682
1130.4009135
1130.67682307
1131.9665173
1132.08194052
1132.48474839
1134.32385101
1134.37856883
1134.53370878
1135.72615071
1135.9170642
1136.56026761
1136.62147347
1136.68108696
1136.7798606
1137.89924567
1139.02799751
1139.13456022
1139.16186651
1139.2215383
1139.53749504
1140.10626109
1140.46433741
1140.81900147
1141.15083858
1141.26916852
1141.38768321
1141.43684748
1141.81864613
1142.94300453
1143.01275086
1143.31518495
1145.7578086
1145.92539458
1146.07933021
1147.45396739
1147.56918393
1148.11665249
1148.22497177
1149.46883978
1149.80740747
1150.05050394
1150.76607992
1151.19315558
1151.4340138
1153.11621791
1153.40884324
1153.82460497
1154.11644174
1154.26200235
1155.02439825
1155.03597691
1155.71435119
1156.00997603
1156.21827271
1156.25733662
1156.87261785
1157.23040403
1158.68410231
1158.997074
1159.48497516
1159.59336016
1161.08025516
1161.56692093
1162.1775354
1162.34200563
1162.48938694
1162.87598548
1163.24768073
1163.91492361
1164.37396354
1164.71920763
1165.71718198
1166.24535077
1166.61552279
1166.8622576
1167.09141002
1168.34188375
1168.90245942
1171.10102027
1171.71768295
1172.18551675
1173.10783828
1173.23507726
1173.90562064
1173.9371791
1175.28101811
1175.40327156
1176.14278179
1176.95899028
1177.21468673
1177.74584155
1177.99938775
1178.15462232
1178.32551564
1179.47918476
1179.54494992
1179.60807546
1180.00054105
1180.65062258
1180.69658708
1180.92101596
1181.04916464
1181.62409882
1183.35064568
1183.52625247
1183.77266065
1184.44200202
1184.82390114
1185.60753316
1185.84020467
1187.36989605
1188.18817835
1188.52944399
1189.09087159
1189.27209646
1189.32108726
1189.97008227
1190.18123239
1190.33517114
1190.70009025
1191.20314639
1191.65501435
1192.42827631
1192.71672582
1192.86225267
1193.47381932
1193.88079743
1193.96345225
1194.13444822
1194.64322128
1195.33640896
1195.57985195
1198.27362601
1198.32938527
1198.36827661
1198.58197473
1198.70917214
1198.77501613
1198.79094458
1198.83532967
1199.25038094
1199.89283138
1202.16180276
1203.00541999
1203.8005368
1203.85731208
1203.94277503
1204.12829745
1204.8508972
1205.10498653
1205.2772524
1205.39837511
1205.40439747
1205.49355438
1206.60979301
1206.85015022
1207.01932429
1207.1725581
1207.45846305
1207.51262333
1207.90411381
1208.30850307
1208.69720881
1210.77304619
1211.00616893
1211.6742987
1212.17461457
1212.36541146
1212.53269363
1212.6475588
1213.13802114
1214.97362917
1215.39694739
1215.53457973
1215.77615455
1215.85266165
1215.85734905
1216.56273539
1216.81246047
1216.81429981
1217.0532588
1217.07080024
1217.18723442
1218.17952888
1218.40311993
1218.42171087
1218.57683067
1218.68348818
1218.78492295
1219.09490039
1221.21050184
1221.49669911
1222.13166942
1223.03887435
1223.25890731
1223.36880122
1223.51238572
1224.81035532
1224.85535556
1225.33843682
1226.34238418
1226.76780677
1226.78258036
1227.7891779
1227.80153149
1228.75555053
1228.81720203
1229.00290221
1229.43092459
1229.7245497
1230.53114672
1230.62432589
1232.19702919
1232.39480585
1232.88720533
1233.10352855
1233.42061024
1234.23074415
1234.82454009
1234.92669383
1235.04496864
1238.38995918
1238.95821891
1239.0929127
1239.36905775
1239.64538107
1240.04151628
1240.2554677
1240.78551558
1241.30094844
1242.51608966
1243.37426313
1243.59483415
1244.20499987
1244.21531141
1244.27266829
1244.68156461
1245.16999254
1245.35973403
1245.44337598
1245.70457613
1245.99442398
1247.48400248
1247.53792475
1247.67284514
1247.80715629
1248.359266
1248.62487049
1248.70936585
1248.93121388
1249.11769225
1249.48391957
1249.7688254
1249.83481201
1249.89464941
1250.41397906
1251.58715124
1252.01543582
1252.42954315
1252.51221404
1253.77644113
1254.01441588
1254.73283421
1254.92226151
1255.59325717
1256.4794619
1256.53832054
1256.67463943
1256.85805099
1257.30818544
1257.44211628
1257.64779704
1257.65727904
1258.01440766
1258.98760761
1259.03664606
1259.05494533
1259.21881434
1259.38981029
1259.64133134
1259.67778178
1260.50415011
1260.64854407
1260.66537736
1260.79923216
1261.19782897
1261.95840959
1262.65515201
1263.47904487
1264.88447229
1265.20591686
1265.37256612
1265.96434412
1266.09219385
1266.21878866
1266.29166895
1266.41908774
1266.46693354
1266.91395418
1266.92316634
1267.14867817
1267.18629533
1267.34053935
1267.40138706
1267.65997348
1268.65799411
1269.23255378
1269.72603722
1271.05974894
1272.51755147
1273.1467972
1273.33147268
1274.05343713
1274.4515828
1274.61109207
1274.91765208
1275.24450918
1275.25459478
1276.14570411
1276.26604051
1276.71322108
1276.80390708
1278.22770088
1278.49281026
1278.85515932
1278.98121
1279.24208705
1279.33906337
1279.55392081
1280.3602912
1281.06337927
1281.17877388
1281.39399647
1281.81813132
1282.04296122
1282.13480323
1282.32214544
1283.21678657
1283.33456317
1283.83524162
1283.92600137
1284.31306045
1284.3320505
1284.36198723
1284.50672358
1284.80411952
1284.92222274
1284.93082507
1286.74231748
1286.78724886
1286.88662137
1286.98065116
1287.8701759
1288.39072169
1288.87955242
1291.61194156
1291.99590513
1292.38550169
1293.00752242
1293.10263058
1293.13372901
1293.33271529
1294.17902308
1294.42639666
1295.00317255
1295.249561
1295.34908571
1295.62249113
1296.35428897
1297.96982436
1299.10650634
1300.11998228
1300.24764125
1300.33595233
1300.58732575
1301.01215254
1301.11342413
1302.257812
1302.64059135
1302.64219041
1302.85075205
1303.1971558
1304.15797912
1304.45339521
1306.04638047
1307.34247992
1307.73680665
1308.81815388
1308.94202959
1309.62945926
1310.03404874
1310.26101108
1310.30664732
1310.36103959
1310.50653846
1310.87229439
1313.09975547
1313.35073994
1313.82643
1314.02914559
1314.18850264
1314.260125
1314.75708083
1315.50450543
1315.74950191
1315.8534723
1316.01370039
1316.6010479
1317.00562781
1317.72061951
1317.76147432
1318.17671004
1318.88084265
1318.95940044
1318.99812702
1319.64918264
1320.14206535
1321.12266055
1321.23951092
1322.78634421
1324.97262727
1325.22175441
1325.41597748
1325.52931048
1325.85982094
1325.9317247
1326.15257047
1326.35865569
1326.77440498
1327.19140003
1328.2704579
1328.4657479
1328.54549097
1328.63783889
1328.89090288
1329.17120605
1329.65733982
1330.05117619
1330.42253861
1330.74621047
1331.55772137
1331.97087506
1334.26387995
1335.91869372
1336.4503821
1336.79521061
1337.5672305
1337.9155697
1338.76556876
1338.85181924
1339.62192409
1340.08307318
1341.7036113
1341.71852718
1342.67370969
1345.54383818
1345.91553347
1345.96955245
1346.76363828
1347.7871293
1348.08796113
1348.90898999
1349.26021852
1349.30042721
1349.58397668
1349.98897226
1350.56224002
1350.92047126
1351.77198866
1352.00880628
1352.40165993
1352.82725618
1352.94316257
1353.32018589
1353.43267587
1354.0227214
1354.61305154
1355.09316635
1356.05594929
1356.58819821
1357.67540871
1357.69708993
1357.86666154
1358.27088909
1358.33839081
1358.49342929
1358.50024367
1359.24166251
1361.14349387
1362.38293369
1364.37664047
1364.68387652
1365.11166482
1365.16404485
1365.59129036
1366.1839216
1366.84437406
1368.53026696
1369.41300585
1370.95384648
1371.1933531
1371.23619623
1371.71676397
1371.83244112
1373.09678333
1373.11297771
1373.45031345
1373.66101584
1374.8686285
1375.30872893
1375.89385772
1376.83547831
1376.93563464
1378.11667678
1379.28769173
1381.10962496
1381.33536885
1382.29391054
1384.39437567
1385.23209759
1386.18961796
1386.41995784
1387.56597111
1387.75936692
1388.17361273
1388.91978666
1389.72806629
1389.78598574
1389.85928176
1390.27449964
1391.82975131
1391.972488
1392.08452761
1392.82021676
1392.84449766
1393.49615459
1395.12867072
1395.67927255
1396.23497647
1396.85094221
1396.94790174
1396.97355294
1397.09270863
1397.23195746
1397.60800701
1398.07810217
1398.13897449
1398.37879814
1398.59578246
1398.82406511
1399.20821426
1399.93114441
1400.15429512
1400.40396172
1400.69291942
1401.37424508
1401.38865033
1402.30742024
1405.12839587
1405.90112023
1406.34611208
1406.35302853
1407.20550733
1409.78374597
1409.87487359
1410.33240687
1410.83403532
1411.12538681
1412.44880385
1412.47010547
1412.73388823
1414.08386847
1414.40544038
1415.69567378
1415.92727544
1417.0437282
1417.61009312
1417.72953443
1418.15543806
1418.88914081
1419.57681455
1419.68751747
1419.73963327
1420.51217014
1420.57595888
1421.96644088
1423.21869565
1423.62480621
1424.28478123
1424.71155644
1425.94787894
1426.04136119
1426.07521649
1427.62283015
1428.05656687
1428.52286722
1429.24747598
1429.55404633
1429.65589811
1430.03916936
1431.05884385
1432.8198367
1433.57065188
1434.11328964
1434.97131748
1435.25360679
1435.58282826
1435.63129051
1436.09983045
1436.18155516
1436.95777391
1437.66791675
1437.81589943
1437.9935939
1438.34608814
1439.00746792
1439.73050654
1440.24403462
1441.42996006
1442.17892058
1442.22075813
1442.9803285
1443.09979616
1443.15275325
1443.83530713
1444.13211742
1444.62892293
1445.36324191
1445.3935757
1448.45393353
1450.13488488
1451.00686111
1451.16123514
1451.55555963
1452.09563119
1452.41638924
1453.68784821
1453.74573745
1453.98124728
1454.34126002
1455.74437551
1457.58246388
1458.76987245
1459.14411353
1459.64570791
1459.99880332
1460.06583435
1460.50533253
1460.59329238
1460.64684749
1461.30700155
1461.49868644
1461.8846543
1462.58249437
1463.14948518
1463.66510784
1466.87892398
1467.88384207
1470.70388151
1471.75923274
1471.94259657
1472.07967891
1473.09985506
1473.65763378
1473.73392139
1474.74073927
1475.07317306
1475.33782765
1476.82376707
1477.54416827
1477.67987496
1478.09234573
1479.36486926
1479.51654174
1479.6214461
1479.95894721
1480.58163289
1481.39042335
1482.10860284
1482.10987219
1482.77588467
1483.33614219
1483.61053317
1483.63563191
1484.21870985
1487.05243642
1488.6991431
1489.68111435
1489.86775407
1491.87079909
1492.40317328
1494.44591657
1495.45247574
1495.84296838
1496.51004321
1496.61502372
1496.67382804
1497.20399836
1497.26169883
1497.40170046
1497.54271791
1498.12191987
1498.37905048
1498.75576702
1498.91437544
1498.94569003
1499.56648891
