-11.2144028
-2.3225081
-16.2240908
-2.1384221
5.889654
-3.0625125000000004
-11.6545723
5.2099119
-2.4132069
-1.7203358
-1.1477381
-11.8713819
-4.0825686
13.329586099999998
8.0477398
-3.7976171
8.0420271
-10.3329239
-3.9075295999999997
-4.6626655
-5.535623
-4.097034300000001
0.5655465000000001
13.4201221
13.121932
-9.9305844
-12.188712800000001
-9.218008
16.327165700000002
-4.9325074
14.9163319
-9.6398767
17.0730385
-0.6393542999999999
-12.6892366
-10.7252962
-5.1278759
0.3390067
15.6014832
0.385058
13.411568500000001
19.9050224
9.9148079
-2.1149272999999997
4.0455262
2.7727418999999998
11.433210999999998
7.5337417
4.7285805
12.0514672
4.6383852999999995
-8.2970883
-15.6415221
-8.9164377
12.3491689
12.0208163
-6.7782348
-3.0295506
-2.9991632
-16.7608398
-13.8625782
3.9936117
-6.0617085
9.8458521
8.0834972
-5.5336968
10.2194689
3.0505079999999998
-4.4527744
18.979932599999998
7.845118
17.8355051
-7.9961743
-12.512780900000001
-11.8703217
6.6223262
-10.1865153
-7.8504434000000005
-13.370016399999999
8.093750700000001
13.850021
10.5637897
4.4642638
-19.3693143
-15.5807419
-9.721988
-14.1470135
-10.9608195
-6.6237965999999995
-14.6565111
12.2904366
13.677314899999999
4.4952802
3.7052159999999996
15.0421072
-2.8835183
2.0226729
-8.3675009
18.5180646
2.095049
12.554742699999998
-6.0542904
6.2104605
-1.8413328999999998
-3.6193223
-6.9078318
8.9513984
8.5688627
-0.7852473999999999
-14.8746714
10.913025600000001
-11.3159256
-14.158475800000001
-8.4750786
-11.2746957
-2.0032596000000003
-1.9726297
0.0021485000000000002
-9.6177381
-3.9402969999999997
-4.9255809
-14.3738519
7.0444132999999995
-8.3551192
11.138905600000001
-4.5623163
-11.660114
-3.2562313
-14.342067
10.614218800000002
7.4672464000000005
-2.2595159000000002
-15.3080641
-10.3259492
-17.8121739
-0.3685268
16.463487399999998
11.626361999999999
-9.382601600000001
5.3372385
15.7661651
15.1000882
10.9490608
-8.4680571
-3.3909098
-11.2296017
2.0084896
5.0643971
-3.397076
-9.026918799999999
-8.545321
9.1268638
-11.622647899999999
-16.9637655
1.8617233
6.341734
15.511392800000001
0.5430782
7.8698382
16.5630196
9.651326599999999
13.4946483
2.0779853
-13.8901264
1.0871662
3.0522305999999997
2.2612909
7.064838600000001
11.0339475
-6.2584371999999995
-10.646576099999999
10.1607843
12.3787752
-0.0718515
2.4059591
16.2122273
4.2406303
0.49958790000000003
-13.540316800000001
-1.4641465
7.129733099999999
-12.4612659
-16.8060658
-13.835819100000002
-1.2563301
-6.7344211
7.9590955
-3.3492293
-5.8115702
7.4806975
-10.705152
-10.548878400000001
3.0547904
6.773331799999999
15.6820615
-5.1891244
-17.6228037
15.9941318
-0.0575391
6.0244461000000005
4.1752651
-7.9262144
-5.8432558
6.3985273
5.4307859
10.682321
4.1770841999999995
-10.8767114
14.958934200000002
4.4221407
-1.514707
0.4585949
-16.0381324
3.6966394000000005
-15.6050573
-6.6935045
-6.0067264
16.295391199999997
-16.515725399999997
-5.511227
15.0487293
-5.4356879000000005
17.139093600000002
-12.6636373
8.9894718
18.5019722
-16.7474292
2.5408406
-8.6964475
-13.099321999999999
3.4104566999999997
-0.7107810000000001
-7.957184499999999
2.202551
4.0815377999999995
-1.4591329
-4.612718
-16.1433052
8.973109899999999
-7.155967100000001
11.9627144
-13.4797893
-16.525162299999998
-3.2799588999999996
0.5772475
-7.7132119999999995
5.327925199999999
0.6565196
-17.7464007
14.4044779
12.440292199999998
10.4224479
-7.5655265
13.2655436
-14.3451169
-3.2150519
10.1127437
10.0054048
-6.326507400000001
-0.1379149
-5.6916351
-9.239705
-13.898812499999998
-2.9996400999999997
11.707435499999999
-11.1437407
-9.448057
6.3614448
19.3916647
7.7346042
14.6885978
6.9605025000000005
-3.3404047
-3.4697791999999996
0.591843
0.1819221
4.6687221
-18.1029259
-3.4824984999999997
-6.4446756
1.7597266999999999
9.5484996
-7.8652706
-0.6953853
10.910277
-14.102576599999999
13.6242522
-2.0549339
7.1425058
-10.8717347
-10.742766699999999
-11.8531181
-1.2521611
4.4933075
6.718779
18.1312508
3.5842555
-4.9208967
6.1999811
-0.7498919
0.7608162
-6.8091319
5.817261200000001
4.5903126
-6.7084204
-8.12909
-17.229259
-6.342272
-5.4270937
7.0984229
-10.9998771
7.3695054
-8.1302035
-1.3132882000000001
-8.7928309
15.6078534
-0.7718416
13.092154700000002
-7.8896415
9.9372629
-4.0442235
16.382403099999998
5.543164399999999
6.6305643
-7.696968399999999
-4.4626318
5.3100644
2.917819
-1.2566585000000001
-8.5911316
8.7176957
6.0318556999999995
7.9477013
-0.7441723
-5.003606899999999
-17.1204571
4.3142967
-0.5683931
17.562381600000002
7.8711231999999995
9.3547177
-2.3208770999999997
-3.7591075999999997
-8.3229552
17.8938107
-15.081560199999998
-8.9187179
8.4594878
-16.721547700000002
-12.8118733
8.215952999999999
-9.388665600000001
14.882278
-9.0747319
-8.316556799999999
16.4164524
8.7602972
-8.9964544
-1.6726333
14.741018799999999
-13.0177692
-7.5992049999999995
16.6679986
12.4485959
-12.0262882
13.177
-9.202868200000001
10.0050413
-4.4456041
12.287965400000001
1.2864059
-11.9200352
-7.422246400000001
4.7217035
-0.1095874
-6.2311306
-3.2757204
14.7120588
-6.877042
-4.5193398
-7.5128453
-2.8440479
-8.685778299999999
6.3413604999999995
-4.2733715
13.8921846
9.2465274
18.9027574
12.3654185
3.3130914000000002
4.7403107
12.5239052
-2.0154812
13.289043200000002
7.4418876
-16.9407452
10.4031007
13.3763755
-2.5601593000000005
12.685532599999998
11.715133000000002
6.051940200000001
2.3664519
12.805300299999999
9.429150499999999
10.6423884
5.495442799999999
12.9051475
1.7650051
-0.8266238
16.0176882
7.0011802
18.2887296
-13.3969253
17.5585607
-10.6938518
0.0880252
3.2888565
5.7507962
-14.6866787
-4.8633777
-5.5431007
8.8447783
-10.608816899999999
-0.41973869999999996
15.622746099999999
1.7711423
-1.2427527999999999
10.4893916
12.8289949
-2.6450039
18.9925083
6.044457599999999
16.3236406
7.508446
-14.3294352
2.6542116
-14.5240834
-12.5735613
-11.624579200000001
-8.9729677
-0.2108609
-14.1218359
-4.8270344
9.9182499
17.5406148
-5.3564456
16.9195657
5.6784154000000004
5.568087500000001
12.243547699999999
-17.7694835
-6.1195046
-13.5465136
0.6339880999999999
5.8323407
0.4869389
13.2877028
-14.6542663
0.9308871000000001
-12.9826965
16.7017167
-7.2432834
9.9421627
2.3505251
-10.6441085
3.2837457
-7.8022105
-4.267978299999999
5.3254966999999995
8.6424551
-3.3057171
0.5988642
13.2960143
12.7684291
11.096578300000001
6.1894364
19.229058600000002
7.9917508
3.6497697
-2.0062092000000002
-16.9238618
9.9496293
12.333866
-1.8345002
-12.6309955
-10.6259287
0.9167095999999999
-5.2807164
-9.6385343
1.0096823000000001
-18.0479396
-18.6749197
-8.625030500000001
-19.802959
-2.1614459999999998
4.6305784
12.8934529
-10.1682789
7.1625027999999995
2.9914969
-11.650426099999999
17.671418900000003
6.6968428
-17.108389
11.160682099999999
-9.6206916
-15.7719108
9.4330761
-18.536486
10.504079999999998
-11.9871824
-11.8669866
-0.4064848
4.831237300000001
18.0985126
-10.9995032
-9.695802800000001
-16.5525951
18.1231889
7.6967079
7.9971559
-3.197996
8.4205191
1.7530212
9.901478899999999
16.505029999999998
-16.613813399999998
-11.9479807
-15.088807899999999
10.7976928
5.3522482
7.1418629
4.4409294
6.877260199999999
3.5021594
-1.6737087
-16.7674696
9.803882999999999
16.9459061
-15.6991084
-9.2679931
-11.4372083
-1.9136727
-7.1090787
5.4887358
-1.3103292
12.0080484
-3.2493342999999997
10.0310087
9.3162699
1.1521111
13.148983900000001
5.7355669
8.2153042
-7.2576005
6.9258771
-10.9062715
-18.7914694
10.1017301
-12.9896339
-0.2554123
8.3152613
11.0081746
-9.229536000000001
-19.141586
-5.3169688
-5.0070901
11.041908699999999
5.505288
5.3716606
2.5479049000000003
-11.008545400000001
-12.614284399999999
-8.376277199999999
-10.8130253
6.3340921
-6.9782703
16.7451745
-16.4635796
-4.4299223
-12.343054
-11.583786700000001
14.6678547
6.2044691
-5.5677449
12.8248557
-3.7524322
-12.7506434
-18.0343178
13.076585600000001
-14.7337738
7.3062412
0.4515435
-9.5139429
-6.9744353
-5.9450695
3.6643981
-8.1149958
-18.5356899
11.9868893
-0.39198900000000003
6.3990221
16.8610137
-4.1661281
-5.3068637
-14.102706000000001
-13.977875599999999
12.264377
-10.5370998
1.8331899999999999
-13.516775500000001
17.9491373
-11.0139101
10.939984899999999
5.200582399999999
9.1933554
7.9387924
-6.6329322
17.3301326
-8.9780781
-7.711445200000001
12.8050344
-15.8182922
-2.5825515
3.2136173
8.1942306
9.5992678
-5.0409451
14.177851800000001
-5.405580700000001
1.0082635
12.946285499999998
8.4139737
12.762963
-10.0338349
8.0505022
15.4246316
-5.4745035
-16.0635331
2.4109869
-2.4171052
-10.8244425
-16.0699711
16.0401038
-9.9675193
18.612204300000002
16.8508998
-2.8605663
3.491118
4.5529161
-6.4145140000000005
-17.2568281
-2.7651193999999997
-11.351177700000001
11.5658282
4.2731776
-3.8962452
17.4161934
-1.4504855
12.5188254
5.8160159
-7.3587694
-14.212145499999998
3.0748502
17.0183806
17.0635793
6.0212181
-12.918733600000001
15.7674329
-15.7782091
-12.8741002
2.8866971
2.2228794
-13.5422864
1.7141862
7.2192271
-7.910513999999999
-1.4326385
5.6461332
16.4170838
-10.2064108
9.1517648
15.3871758
6.9003143
-3.7021783
-7.161835
2.1486402
-5.331857199999999
-4.2306103
6.9867192
14.667529400000001
-15.587501
-4.687480300000001
-7.3765233
0.19805409999999998
-3.066515
-10.5122524
7.0271622
-4.7900807
12.943254999999999
-11.6693266
6.2812753
-6.2916723
8.593295000000001
12.8655477
-3.6523538
1.4176924
2.3072054
12.9810355
12.118380400000001
-15.9167445
-17.0950014
-19.6039768
8.4891778
-17.7379909
2.8928825000000002
9.4393821
11.551934300000001
8.9334656
11.7340413
11.426105999999999
-15.8310031
16.6178078
16.9856653
-6.9454934
-9.3128966
-9.8563864
-7.653741
-18.120044800000002
15.088628799999999
-7.071309
10.660258599999999
-0.2228841
14.392280900000001
-8.4170211
2.5086907
-3.7633396
-12.6099017
-2.523389
5.220517999999999
10.765520100000002
-13.0665545
-14.863913199999999
13.3903512
-19.149299
-12.6100513
-9.7714906
11.7730808
-5.0978012999999995
-3.9871703000000003
14.7835879
6.7500783
1.3438781
-8.2670593
-11.771472900000001
-15.5004362
7.7888858
-12.8439024
1.640102
-4.9282164
-6.6535329
6.0117098
-3.2521776
-13.731652200000001
4.2181903
-4.2668795
-16.676454
-5.269669599999999
-1.9035699
-17.1678664
8.1155902
-8.4942356
14.7813004
7.260403800000001
0.7011436000000001
-10.7517831
8.5957276
18.128488700000002
10.201395400000001
-17.0135935
-1.0602326
11.884690599999999
-10.2301627
-1.0002556
-2.0022168
-9.4561519
-15.2789907
-0.2911587
13.4995617
-0.9258871000000001
-8.1324351
-6.189037600000001
17.5490796
9.6128018
18.6450438
8.060048799999999
11.8507585
-3.4770967
-1.000193
-15.8560293
11.2309338
2.5573228
7.7876746
-9.0253554
19.6309274
-18.282441
-5.5781920000000005
14.5563105
-4.0848226
-11.231150399999999
13.483099
1.1256477
-0.9663566
-2.1827346
-7.2733868
13.8398829
-18.3694848
-12.3289734
13.7895561
14.1229986
-9.412132100000001
7.6643163
2.6478710000000003
10.5896554
17.9640211
18.8014335
-13.3435047
-9.7781581
-5.6050259
-12.3065348
8.6001147
15.870200500000001
3.0155203
1.1294119999999999
-13.1591878
7.8624662999999995
-3.0796328999999996
7.9484879
5.1833673
-12.728962
6.6986787
-7.3112981999999995
-5.0798818
9.5714014
-7.7565021000000005
16.9858102
-11.5740094
-7.1498317
-9.6034339
-6.6618029000000005
2.5536762
-14.1339693
11.4206993
-1.1135059
13.7610522
2.7534453
1.4363591
10.825011199999999
9.702649000000001
-5.4759523
-1.066636
-9.7078586
16.2090449
-9.0564079
-2.8422041
14.136093599999999
-0.8560854
5.782157499999999
13.483068000000001
-4.2775076
-0.0405753
-2.0508556
-11.2694914
4.6454271
-2.1423946000000003
4.9289595
-0.49382620000000005
10.422941699999999
15.987201
6.7056982000000005
-2.5986152
2.5296941
-7.262999
-2.3996586
-14.3822118
12.1522503
6.1764081
5.9879368
-17.2917634
-15.372502500000001
16.087874799999998
-16.1556449
-2.6934913
-4.1269693
12.6720695
-10.2268045
-15.670238999999999
-5.0840672
-4.3759067
-6.208814200000001
-5.8844940999999995
-8.9079464
14.6228188
-1.6206530000000001
9.6813371
-4.9952627000000005
-7.5534029
-6.6498645
-12.2789024
-0.8548546
-6.2902105
-6.220472999999999
-5.9235944
4.6225102
1.4730015
6.9485153
-4.9921511
7.8239286
14.973114
-0.4518422
-12.8885014
5.887076899999999
-8.1531728
-6.0283771
-16.7921996
18.1503787
-12.1437317
4.2644686
7.7067186
-8.9020439
13.595995
-2.2785818
5.5809953
4.5324137
16.4251726
4.8138944
3.4580587000000005
5.167114199999999
12.208525999999999
-15.1064786
-7.2058317999999995
-1.9083412999999998
-10.2901683
7.4270135
-17.5383014
-15.1682413
2.4089245
3.0349
3.2897509
-16.4695758
-7.1696348
-5.144911899999999
13.1426839
-7.6186864000000005
-11.4364418
-4.0987258
6.024971900000001
-1.7849423
13.856427100000001
-13.362142799999999
3.7523618
0.9379556
-6.5850117
5.4039098
-12.089179099999999
2.1691532000000002
16.586856700000002
-6.8816261999999995
-9.668409500000001
-14.107323899999999
5.705381200000001
12.874043799999999
-2.3120522
-0.7296769999999999
-5.6322586999999995
-12.4398319
1.2266654
10.5876778
3.9241664
3.2843998
6.763772800000001
-12.507860800000001
3.6949493
-10.0794315
16.5949017
-12.0024895
7.1541291000000005
6.9262023
0.4814036
5.3318632
1.5541402
-14.5719457
-9.770315799999999
12.9216759
-11.3178714
-11.1589635
-13.2716066
13.861225099999999
3.8788225
-7.782405300000001
-8.585301600000001
19.1409363
6.7195124
-1.7753675000000002
12.5258781
-1.9034935
-16.9086014
14.041933899999998
-4.4283058
-12.2411451
-10.4135546
10.9201129
16.2065919
19.390000999999998
-12.8811521
-6.9955502
-13.4206403
1.2255068
-4.475192799999999
1.179327
-2.9926787999999998
0.4093649
11.8996937
-3.2743016999999996
16.814822
14.7671088
-18.6439175
-15.6568282
-1.1797509
0.1500788
-0.147204
-10.389503099999999
11.0588373
3.5396694
-12.6988621
-1.559915
-2.1562687
13.2411808
-8.6097524
1.1548639
5.535167
-13.1184491
7.1464137
13.1717037
8.3163925
-3.3515524
-3.6450456000000004
-11.8234718
-3.1244243999999997
10.2056688
3.9777481999999997
13.6969876
0.9846442999999999
-3.1232309
-15.031663100000001
-12.684230600000001
3.3868536000000002
-0.17736380000000002
-10.968149499999999
2.3706737
-6.4519266
-8.2318257
3.7617815
18.7641061
17.9128355
7.423980800000001
15.099564800000001
-6.9201088
17.4197195
-8.9695894
6.7756507
-14.1903302
2.6697026
-9.296535
-6.3982566
-11.6559259
-18.0884439
-7.7597423
-10.2104935
-0.4117246
-0.21936219999999998
-6.3382182
10.633668199999999
0.3294249
-11.350630200000001
8.1323609
-19.0433468
15.0311688
-12.8982467
-11.6959811
-7.9724241
-5.9406641
-2.8499133999999997
15.868673300000001
-10.4771168
-11.413794000000001
-10.478155200000002
15.110167200000001
13.7628707
13.2064572
9.5831673
-1.3932981
2.8282332
18.751362099999998
-12.705110099999999
7.836621
2.5816052000000003
-2.0312277
6.1946086000000005
6.7024928
-15.3182686
-2.1410459
12.7453603
-3.6340961
-17.2048944
-2.6255638
-12.076221499999999
-13.2322251
-3.9069727999999997
0.6780333000000001
0.33600389999999997
11.7290356
5.9140049
-1.6942674
6.976615799999999
16.4742676
11.0031183
8.6242518
-5.3128596
-13.797882099999999
6.818219699999999
-17.6392992
-15.056469199999999
10.7103866
2.4158019
16.2398782
7.7662508
1.3414958
13.960959800000001
-6.129891
14.155039200000001
-4.582909900000001
15.2319028
-6.2431048
4.4083557
-1.8296439
-14.9915821
-15.4415955
5.172664600000001
10.069791
3.8024382
14.5446578
0.22323
-11.240732000000001
8.013584700000001
19.5774447
2.6805757
1.0755702999999999
0.7026022000000001
-12.3727422
-4.1908497
-7.883634499999999
-7.0120846
-8.6456587
-12.2313094
17.186355799999998
13.8063506
-13.2930124
15.3807227
18.7119382
5.9331458
-1.1261789
7.3086355
13.3556404
-7.3510527
3.622655
15.2299413
-3.5500547
-9.573187299999999
0.18153680000000003
6.7084086
-2.0824100000000003
-15.1960183
-11.1817759
2.0178778
6.589730899999999
0.9786713
-0.9682952
-3.7993121000000003
-15.2110279
-5.224462999999999
-12.7352198
7.418175300000001
-10.6014176
-4.6236554000000005
0.6704445
7.7775152
4.0145154000000005
-5.7779296
-2.7392971
1.6316709
-12.5346193
-0.9422075
-0.1700431
-7.4912396999999995
-4.946256399999999
-2.5166914
15.1434966
1.0671099
-19.5664284
-7.3260852
-11.8604079
9.9019339
-17.5499781
-6.820884700000001
3.7740469
-5.6719881
-4.5286951
-16.9624684
5.4418101000000005
-0.9111561
-14.2424126
-15.793206600000001
-2.441892
-3.7401308999999996
-19.171938700000002
1.1456959
-14.023550199999999
-2.1505997
-6.305533400000001
-10.5871345
7.8512824
10.2365964
11.7940317
0.6487906
-5.8524704
1.0391157
4.8739161
3.7397755
-3.2339547
-6.6315987
18.0220944
-0.320568
2.1005474
5.8416573000000005
-2.3108112
11.3493589
-16.7720445
11.1555593
-6.6038293
12.207822499999999
-2.8817616
12.2396659
4.8258749
4.946871
-17.1670366
-4.9934405
16.2747842
-1.0202498
-2.9770676
-10.3736319
-16.6172379
14.9304196
-18.2875333
-1.0784385
8.6876745
-3.4530860999999997
10.9218456
12.7352826
-19.6309382
-4.0347302
-12.5515557
-0.6917041
-14.3538075
-14.049104199999999
14.3440132
-14.509952
-5.9680931
-16.8794605
-14.881519599999999
-0.3646808
-6.120237700000001
-15.762672700000001
-17.0377963
-11.7900373
15.2041091
-14.8942312
-15.2580051
-10.6260018
-4.0268612
17.6907531
-0.8125136000000001
-3.0446245
-17.0549662
4.4794111
-11.2789942
-2.6651438
-18.0828141
-11.885531
5.6146147
11.8108954
12.4796253
5.8176252
-5.929910899999999
-18.099787799999998
-2.7159708
-1.9432866999999998
-1.0295060999999999
-10.4035874
14.451218599999999
4.6915271
4.9798764
4.5901214
8.4228755
-7.0927845000000005
-2.7444781000000003
9.2112942
-3.0241717
10.1765691
-0.06633130000000001
-5.5490808000000005
-0.7817383999999999
-11.2931613
13.3575113
14.462184
-6.2726839
0.16541699999999998
0.9407653
12.6391937
-13.6600537
-3.151374
-17.3893019
-14.1494743
-5.7722038
5.1754208
13.0291139
-2.5881269
-17.5578934
2.8383257
13.8209248
-10.346681499999999
2.3156233
7.3384015
-2.5084488
-9.8964622
3.4457893
-7.7014003
-12.453192
9.5467909
13.3712867
16.8004842
-0.6993577999999999
-13.397569
2.8099383999999996
9.2690632
4.5769805
9.7750623
-12.971419699999998
15.2898932
-6.8622041000000005
10.4876937
13.644283600000001
-16.1218941
-15.431832
-13.4163413
-12.3428551
17.8121874
13.2503929
14.447645600000001
16.5293841
13.813860400000001
6.6434451
16.1250308
-1.8958503999999998
2.6356924
11.7068291
-16.8167744
10.8934446
11.6933546
10.6479056
4.350749
-17.172412899999998
-13.0040165
8.001453099999999
-11.1219022
-5.590796699999999
6.311654099999999
-6.324227499999999
-17.681029900000002
3.6267199
-10.6330064
13.2610518
-10.9249305
-9.6105979
-3.0542063
-1.2217975
8.9401607
0.3162736
9.3598357
6.9564345
17.946842200000003
-1.75818
-8.8986862
-5.4199518
-11.2529585
-15.170484100000001
-15.4218866
-8.9254029
-6.1848037
-5.3363321
-11.3256715
3.6526976
-9.4396375
-8.0308729
-8.1308787
17.1531492
11.7835651
2.4272224
-0.7259898
4.4120892
6.275476599999999
2.6948468
-2.7219865
-6.4228919
3.9228289999999997
6.6359979
-3.2323924
-5.685878
14.0295425
0.0048204
-2.2519017
10.0172362
7.874790000000001
1.4079582
-5.8177583
-16.2453639
-2.4599227
6.5002905
-15.2329315
-15.9963071
-15.0276201
-1.168666
-0.6012505
-3.3773394999999997
5.9339762
-15.6377123
-0.8413663
-4.8863575
-1.0349037
-6.4480935
9.4229141
-2.6731554999999996
-14.4459111
-9.592936700000001
5.229354799999999
8.561553400000001
-15.7771162
11.776784399999999
17.9350842
0.7185168000000001
15.288053999999999
12.821561899999999
6.6962435000000005
-13.1517986
-5.6515261
-10.4156899
8.097561500000001
-15.9879021
-0.8709243999999999
-2.4136465
-10.847374400000001
-2.8224820999999998
0.6881373000000001
6.341219499999999
13.883171299999999
0.0695491
10.7367343
-7.156824800000001
-1.0116781000000001
14.9123974
15.277954600000001
-12.2077777
10.306622500000001
-2.4104794000000003
14.2221413
-1.9165889999999999
4.8710537
-11.6753283
-6.3343754
11.9435887
-4.3818301
8.085384900000001
16.858656699999997
-8.9024095
19.0855102
-15.783005900000001
-1.6329282
4.3724981000000005
4.0198543
-3.9899767
-8.188701
12.8591805
-0.9475555
-8.5294635
13.7556467
-15.539635800000001
6.3602251999999995
-0.5602994
-6.8195601
10.9726978
15.385911
17.3083672
4.7926571000000004
-5.4236436
-0.9713822999999999
11.5538069
-1.2872278
-18.2685503
-13.9400084
7.8026958
-10.128877
-3.5365559
-5.2667005
-3.1699092
0.6698727999999999
-10.2832134
11.3589296
0.9299818000000001
3.3932197000000004
12.0889576
-12.2672864
14.5595963
-17.4218038
11.4697361
-4.1154927
8.6940722
8.4217987
5.3791438000000005
0.4281277
-16.1863934
-4.2825463
-17.5950009
17.3392668
0.11427720000000001
-12.4852006
-1.2733905
9.297484500000001
-7.700097500000001
-8.7801193
6.616635199999999
-2.657642
-3.1442799000000003
2.7633922
4.0339901
-8.033547200000001
-10.7411016
12.4782089
14.851078500000002
8.1750873
-0.7352621
6.292201599999999
4.2092507999999995
13.212877
-8.4357264
-2.8432914
12.9352274
-12.417195200000002
-14.2363076
-9.4260476
14.3151635
-12.9329389
-0.1425399
-12.691228599999999
15.737441899999999
11.1392525
-4.7064348
3.6806916000000003
-1.9917999
5.9429092
14.3581538
-19.025425499999997
-4.030947
7.366413700000001
19.3777966
-4.3006109
-10.7897948
2.8087923999999997
11.1333126
12.259847
17.079058399999997
8.9128314
-0.7109959
7.6065373
1.6860396
-16.1821998
-11.4466939
-7.1439238
-3.9830539
-1.9468614
8.4815621
-14.450999099999999
-3.4292575
-12.6722628
2.0774127
17.7494652
-13.5631474
19.299289
-14.940317700000001
10.470778600000001
11.8045789
-2.1596479
8.195707200000001
-19.0485331
13.8682187
11.057299700000002
-15.393890200000001
0.1320867
-14.8582646
-9.2983781
-0.39732280000000003
-0.6120913
-12.8552351
13.1951313
1.2903866
1.0574623
-0.3988749
-13.276007199999999
9.8169309
18.6380276
-14.0444037
18.3320408
18.821279
0.7029232000000001
2.7700887
13.7263623
3.3874493
-6.0650827000000005
5.6682714999999995
-13.0353765
11.492543900000001
9.7142528
-10.5132449
6.755557199999999
-5.0196667999999995
-18.631011
3.5587521
2.841549
13.1552981
6.0086631
11.3272071
7.7200256000000005
12.2774803
-7.2809709
2.1897449
1.3996295
-9.202685
-6.3605366000000005
0.8206666
4.028043
0.8396861
4.1319833
2.2981034
-2.7347377
7.9880713000000005
-0.42900309999999997
6.3619034
-10.9606355
5.9754816
-0.789606
-11.0605882
12.0883667
-17.447067099999998
-0.6792015
3.9501719000000004
-7.540914
-13.9043165
-3.029347
8.3717681
12.774701299999998
-9.4748552
-12.5666428
2.4963717
13.4784401
3.8219727999999997
12.9291757
14.8024736
-14.0152763
-7.6022682999999995
9.007054
-1.3069187
-13.446267800000001
3.6531021
9.958153
3.4451823000000004
12.9922125
4.6224305
-10.534864399999998
-4.9730161
14.824494199999998
1.0132585
-5.4474699
-10.9663388
-1.68537
-3.6010818
8.6523623
18.5476054
-10.569796899999998
-19.412838
-7.9960424
-8.0361709
-12.7971489
-6.3925068
-16.197420400000002
-14.3075622
-4.6980664999999995
-5.2666976
-4.1059695
-9.4522596
14.271169800000001
-9.4632723
9.5836255
-11.8148619
-3.1121586000000003
-7.0994908
-8.350051200000001
4.7677062
-9.9111802
-10.3952936
9.0445846
-8.602542
9.47921
-13.9887023
-6.7506501000000005
1.4576641000000001
-7.3843442
4.3859008
-6.4879055
-5.7385015
14.6068098
13.2678578
-3.3510584999999997
17.5854356
12.397931900000001
14.602129999999999
-9.3275252
-13.6003085
-7.2737069
-8.756724799999999
4.4888205
15.1444306
-10.6096261
-0.2856357
14.7522213
11.9061047
1.3673461
11.8273685
16.2018392
-13.084670699999998
-2.176325
5.5451936
10.603799899999999
0.7437687
-9.528699699999999
5.0459266000000005
14.360116499999998
10.720589
-19.5856468
-4.132562500000001
-11.135563600000001
3.9133370000000003
15.5108849
7.0835116000000005
-8.2072424
-3.5175218
-2.7575528000000005
0.40866549999999996
18.9257317
-14.0290988
-0.5373665
13.1648729
7.4619764
-5.5901846
-18.913324199999998
-16.5179485
6.0026946
15.2676505
3.8235173
4.5259503
9.223469099999999
9.4307511
-3.7097553
16.0071018
-18.2563678
-19.0553268
-10.5576975
-14.4607836
-6.0303148
-10.321774600000001
18.0202908
-15.2529061
-2.2897255999999997
14.5288492
7.391076399999999
-3.1369021
15.3031703
2.6146145
6.302968
-12.726822400000001
13.793033000000001
-16.564180699999998
-0.9623995
9.6479279
1.0288841
-1.9229678000000001
-2.7980994
2.5674561999999996
-8.5690872
-6.058675399999999
11.3640877
10.7486544
10.5973163
8.5138747
-4.3405413
-15.642199
2.214239
-9.1495503
-16.6378237
6.6024806
5.4039816
-15.0037871
6.9271101999999996
-8.9975077
5.120890900000001
-5.713830000000001
-14.312440200000001
16.340996
0.0747564
19.511608000000003
-15.236449700000001
5.282967999999999
-5.9162114
-11.554395199999998
16.9351031
-13.7940082
-11.1314543
-15.488571799999999
1.2662368
1.5098445
3.2602499999999996
10.9849359
5.9600662
-6.511646600000001
3.5694445000000004
15.388488400000002
12.387357999999999
8.8354922
2.1132669
3.9896811000000003
-10.6644234
9.4517813
-7.2830886999999995
1.0626678
-6.2053964
-14.3252214
-12.0325241
-1.3241291000000002
13.6608641
-18.8721577
9.1167719
-17.7016821
-6.2934254
-12.2789465
5.172936600000001
-8.4326347
-14.2947035
-3.1625294000000004
2.9288934999999996
-4.2053339
-18.243074999999997
-2.7664603
10.270821000000002
-0.6099704
1.3837959
10.1275817
-10.7996269
-7.455563
-15.855731800000001
-4.7339256999999995
-1.1660896
-10.3118756
1.765958
-10.938401899999999
-13.828382699999999
-15.870940000000001
-2.3429922
-0.6710398000000001
-7.021287999999999
-13.467673600000001
3.4584953
5.9785143000000005
10.1239592
3.3316163
-11.191009
-3.9967036
-14.7351276
-17.1338114
-9.5227865
0.1771995
-11.3437819
8.5072872
16.5645752
13.7560002
11.7937132
4.3544074
6.156163
-10.242723699999999
0.5974587
1.4857274
15.895682099999998
-0.5129444
-19.8748549
-11.6832611
-10.4410774
-16.0717108
2.3756732
-5.1141685
-17.521271
15.7326558
-8.1383102
-0.3119091
7.1202272
5.368461099999999
5.8642176
10.8000875
-4.4272206
5.967982500000001
1.9943829
-1.6112052
6.0158827
-9.1298605
12.2685221
17.5047914
-8.449165
-7.4616355
11.4089211
-17.6874482
-7.4417341
1.1850281
4.7789873
-5.870874
5.7659891000000005
4.1615369
-13.3334438
-3.8262935
9.0974037
2.668382
13.3353429
0.18499680000000002
11.445689600000001
13.223916999999998
-3.02419
-13.2862509
13.095487700000001
13.2745235
18.40265
8.0901357
-14.3061033
6.119588599999999
-2.5657283
3.9948156
5.3448662
0.5179403
6.7574407
-9.0753981
-1.1634715
10.524472699999999
4.8030478
-11.7949403
18.2345623
8.7329547
7.5156633
-10.6327415
-2.9708053999999997
-10.562804000000002
-11.3522245
7.0850212
9.6624567
-1.5175405
2.7826986
-1.9992626999999998
-0.3116659
-12.364373
-16.6022052
13.868864499999999
5.5692093
4.6642485
-18.2675372
10.1653649
-7.8736806
6.7926736000000005
10.7601692
-6.147436
-13.2483656
-0.8970958
0.8756675
11.3029587
-6.803411700000001
-10.0775129
15.7202962
-8.301058000000001
-11.7256783
-19.413657399999998
-15.327128700000001
-0.1057672
18.5459118
-10.269122099999999
-3.1857488999999997
14.2685862
-9.1406013
-5.0441632
2.4410869
9.741259
-4.121321
4.0983873
-0.22709469999999998
-18.9082626
-17.4479631
10.778627799999999
-6.755521099999999
2.2097448
-15.628584
-7.7805376
11.4508769
-10.0334423
-1.0984739000000001
3.0098007
-8.3168136
10.9448958
10.4640528
1.4466274000000001
-0.6560613
-16.3044141
3.2615834
-10.049465
-13.995349599999999
-11.205314699999999
-9.0374106
-15.9353899
-12.4513237
7.1218475
-0.692958
0.223287
-10.9604739
-13.1988041
13.4806146
-0.34701529999999997
-12.1521896
-15.0847553
-1.6703829
8.4272644
2.1022149
-10.140006
-5.1163970999999995
-8.0425437
-17.0391152
-0.3754895
-4.8800365
6.5013670999999995
-11.184666400000001
-14.0644747
-8.1780943
16.1737147
9.74523
10.7978119
9.2153714
10.8872392
14.007077200000001
-13.4706953
-4.2095275
5.0383223
7.5616284
-13.1082408
2.2851971
12.3823733
3.5734774
16.5633463
7.4563841
-3.8014141
-3.5938957
11.498738900000001
-16.7391184
-14.4790554
-13.9885918
8.5570117
-3.7205587
3.0220571
-15.8472585
11.745132100000001
3.6687142
15.8075486
-17.9440061
-4.5592037
6.636962499999999
-9.8148978
6.053374700000001
7.0759624
19.4550963
-0.9486801
-19.8250412
13.6404717
4.7760093999999995
4.3391467
-11.178795500000001
-11.7783899
2.6776822
-14.1742087
13.605245
-5.5337567000000005
-1.7750361000000001
-2.3563703
-9.0546288
6.335196
1.8026435
-8.31958
9.777360700000001
6.3255132000000005
-8.1010916
10.4150336
2.7494936
-3.744092
16.8255062
16.1671929
-18.2501845
-5.3778219
10.2387803
-5.4782514
4.673826
-4.063662
-14.505919200000001
0.9987265999999999
-14.998643300000001
-5.566751900000001
-8.363339700000001
-6.190108800000001
-3.6816006
15.5444903
-18.8189694
-14.2161555
2.0057941
12.1527176
-1.4413261
-12.187908199999999
3.7485206
-12.357076099999999
5.5294338000000005
-11.642807900000001
14.3774976
8.1836391
-11.612256299999999
-6.7225109
-19.0746711
18.5018124
-3.2759857
-8.9656103
3.2685141
7.0874134
13.364835000000001
-6.5321178
6.640695399999999
4.058741
12.3543626
14.4287752
-3.6181394
-8.9149419
-14.556883299999999
-0.7392531
-1.6163760999999999
5.2637164
6.556161899999999
-5.1119206
18.596668299999997
-5.9008552
6.3785311
-5.9712775
-18.1443543
6.3635876
-1.189286
-6.885280900000001
0.19497530000000002
7.952397700000001
10.2701064
-2.1561677
-16.9064033
9.6695919
-3.7462657000000004
-13.2357035
-2.3070815
-7.0500887
11.5710711
4.635159300000001
-15.3214229
8.8363043
-4.005954
-4.0958307000000005
18.0400704
4.8286682
-11.9364153
7.11157
-7.1822859
11.965410199999999
-3.4294360999999998
-15.806799900000001
-3.1420768
5.1068453
10.084316
-15.8287309
-3.8440168999999997
0.9661767
-10.212102
12.919624899999999
-7.938325099999999
6.9733419
-4.6577555
-17.129613
-0.9600161
11.271973800000001
1.1382213
11.4214021
6.3981633
-2.1635988
-0.0280788
13.3181756
4.2255337
-8.8561235
8.0960635
-10.1468579
2.3902269
-9.9239444
15.022490600000001
2.09773
7.8014996
-13.0029068
-14.001725200000001
-15.6492959
12.5454176
7.7934371
-9.584133900000001
-4.3177153
-14.0118905
-2.1652798
-16.0290374
8.3974931
-12.8389842
10.4809734
3.5703852
1.0978097
-12.9218662
17.3229546
-14.776309900000001
-12.7527988
-15.416124199999999
6.5519168
0.3525864
-10.1489748
8.906749999999999
-4.3828878
13.6825856
4.4178372
-15.297596599999999
0.6821381
13.769000100000001
15.1103279
4.1508141
9.4833207
9.7978456
-2.2738114
11.8032323
-14.220034599999998
-1.6000025
-5.860726499999999
-1.5451607
-9.0506244
9.2064373
2.2588806
-4.9543834
3.6131108999999997
2.8459665000000003
-17.5098107
-12.8227981
15.736963000000001
0.026756799999999997
16.0408613
-9.919295100000001
-6.3925980000000004
7.175734599999999
-3.7305414000000003
-2.5213240999999997
-7.358096799999999
-3.1027584999999998
-13.178154600000001
-11.5197037
3.8115055
-5.3473577
12.1892814
6.6283447
-3.9218770999999997
-9.761924299999999
14.112057400000001
1.9897517
-14.3399295
14.809584500000001
6.647255599999999
-4.4383873
15.260248200000001
0.7066787999999999
-9.538941
8.7708602
6.544458
-12.8071544
-9.4700472
4.3343525
-2.9598082
-16.968932199999998
-10.2210006
-15.9885054
-13.2501126
-11.5242883
9.8871126
11.8858707
-11.8971697
-1.6018714
10.4345365
9.4496239
10.9833392
-11.5025054
-0.6952467
-1.3882018999999999
-7.481661900000001
-7.1575954
-1.6341253
17.7704336
-1.7152789999999998
12.3609922
1.4506916
-4.571962500000001
-11.7609322
9.980623900000001
-13.557725
-14.0370874
1.9270961
-7.9984404
2.355055
3.4428425
-1.9715192
-3.2306934000000003
-5.8975337
13.029296500000001
-14.6295618
4.0957112
6.468923200000001
-4.1568228
-6.9426481
-0.3359119
-4.3882232
-15.4296615
-13.9815341
-14.1555936
-7.7007182
0.8393794
-0.8828209
11.9422387
12.9158675
-13.668712900000001
-12.2349328
-0.5653073
16.5807039
14.6282135
-17.749488799999998
10.1655515
-5.272696999999999
-0.672882
1.0339038999999999
-3.2626519000000003
17.986031
17.2092365
6.2720848
-2.9993959
13.5028009
6.9372974
-13.8207917
-1.8508999
-13.876819000000001
3.2074979999999997
-10.290167799999999
-6.4410142
-14.813879
-19.0000143
1.3046290999999999
1.6902573
1.200907
16.9868062
8.366614499999999
-13.9819605
0.4522098
-8.236314700000001
6.1949757
-4.4257963
-9.5227186
-9.546704
7.522441700000001
17.4305735
-4.6505073
-11.948410899999999
-12.0101418
12.3962947
-14.8697926
0.0203358
4.0558355
-6.5593229
-16.8213969
15.7441296
-0.674395
7.6815904999999995
12.6729974
11.2328276
17.5108889
1.4051919000000002
12.5558425
17.9400184
-6.9338339
13.6187188
9.6585531
-10.5338398
-5.371618999999999
-16.9449988
-7.1309648
-5.9618719
12.6468969
8.125781100000001
-1.0996387
-4.5274254
-10.740821599999999
-2.2970029
10.049172800000001
-11.0947955
-2.4321276
9.6241977
-8.076067799999999
-9.9614648
-3.1216349
-3.8405180999999997
-12.250042
12.36995
-7.6340217
12.186228900000001
4.7980671
4.7955746
-2.036488
18.9310249
-0.3933677
3.8935162
10.7263444
-5.1283183
16.7787894
-16.137768100000002
4.5501393000000006
11.8933918
-13.375990400000001
18.2148686
12.5868985
-11.3372812
-13.321763599999999
-13.3897309
8.2058439
8.4404731
8.604479300000001
-12.8358679
17.9613543
6.8641806
13.9488705
-7.2979589
5.2519159
-3.7601236
-13.190945
14.8393752
6.647390799999999
9.8645272
-13.2504513
5.2504892
3.8720440000000003
6.6349556
-3.1297768
-14.5189981
-1.9889515
7.325082800000001
7.9575836
0.36001930000000004
-12.854588699999999
-3.0033339
13.4448576
-5.340300999999999
14.359251899999999
12.7645008
-0.40780279999999997
3.6168428
-2.7765573999999997
-12.8567538
-8.8682426
2.3132623
13.2855186
-3.6678382
-1.5585788
-0.49821550000000003
-11.782035
4.8539186
2.7029264
-8.047028000000001
-5.0970932
6.7860401
-18.5930264
3.5047741
9.2757812
10.451300900000001
3.9487514
1.2598478
8.151781399999999
8.9047611
-7.0804712
-6.577123
13.532081900000001
-3.546595
-0.7869897
16.565770399999998
0.7920820000000001
-13.5239144
11.683596099999999
-10.4566172
-14.015116299999999
-0.0743471
-5.169036200000001
15.5499811
-9.800087999999999
-2.8652849
3.6586464999999997
12.822634
-9.7535139
6.4140981
-2.6086152
-0.9995409
3.8316502000000003
3.8741503999999996
13.539278099999999
-17.720807999999998
-16.5089053
0.2971055
-4.2227557000000004
8.141681
-9.16836
16.2076538
-6.7390102
8.0477505
13.7901241
-15.1764173
1.2996139
-15.1632754
16.9439717
-13.2787483
-6.9851083
-4.571902
-8.352237
-16.3135811
-0.5156362
2.6656025
-2.9165921
-12.7816061
-2.9171709
-3.0670513
18.708994399999998
-9.7261357
12.363392
3.982528
-1.9666288
-7.586042099999999
-0.6851927999999999
-7.9202679
0.46472990000000003
-1.2071065
-16.7467522
14.485216900000001
-6.8894711
-5.8385726
9.9231402
7.1798496
-5.9146029
13.9732977
12.794877699999999
8.5077037
7.8006845
-10.3345018
13.846057100000001
-14.278424
-8.392235399999999
-9.7789239
-8.919153
10.737327700000002
8.335833599999999
12.3549424
-11.3010373
2.7653676000000003
-13.9403288
-0.0235567
16.6763536
-11.7410455
11.6211237
-8.1217004
6.8527194
9.7273953
-0.7877004
-12.5933068
5.4132438
-13.7693712
16.8549509
-13.1441661
4.3124967
-4.5427424
-7.6966883
-0.9248624
-4.5929153000000005
-12.0836735
7.8514768
9.546462400000001
18.2660647
-7.4881587000000005
10.7621953
0.8401206000000001
0.5434099
-11.783076799999998
-1.1995700999999999
-2.0823254
0.8884238999999999
12.1768401
-0.6193073
14.9382115
-2.6252789
-3.7724469
17.1261602
5.786536999999999
-7.179272200000001
-5.8728571
6.902374200000001
-18.668577499999998
4.627564899999999
8.4598528
-7.077647799999999
-3.9990651
0.6687652
0.47389319999999996
16.4809679
-13.2413628
10.3755898
9.7030053
-10.147722
2.200612
2.5151054
-7.825974200000001
-9.0190422
15.753566699999999
7.7001968
-10.3991342
10.769114
-4.4072472
-11.204115400000001
-1.2485019
4.5431327
6.3343994
-0.26520720000000003
11.057302400000001
-10.3937389
-16.9791586
7.2664536
-9.122191
7.6342158
8.1319002
-13.2303873
-6.1158708
4.4918457
3.9605471
-14.3860107
-10.3143995
-5.3454999999999995
-6.8275084
-14.141511000000001
11.7244029
10.663434
-15.0207964
18.5081287
10.9104523
13.1235561
-12.3242754
-8.7948235
-11.931241700000001
-15.4405032
-11.5663174
-9.1884678
-12.5262087
-5.2753418
-11.3544873
-4.2797538
-5.449163700000001
2.3107522
12.278624400000002
4.5645321
-6.1717157
-2.6323907
1.4432831
-12.214046100000001
12.5630519
-0.994529
-10.1626924
-11.4712003
16.3789702
-4.779859200000001
4.428795
-18.7231248
-7.018827300000001
-0.1044059
13.619215099999998
-14.288724299999998
15.4180064
9.6819139
-6.3877885
16.1023416
12.6115745
-6.6348581
9.223113399999999
13.0325199
-3.1919426
5.9686993
-7.947943800000001
-5.9330087
-3.1504771
-2.5211482000000003
-13.163644699999999
-7.1835226
-0.8650914000000001
-9.104763799999999
-4.7277550999999995
0.7777738
-6.5605019
2.7742750999999997
-0.7134747
-8.0982468
8.6278657
3.3559726
-13.6987816
5.1849127
2.5605107
-13.475098599999999
-0.0937281
4.411010800000001
-4.8164931
16.9418163
-14.8930444
2.0442671000000003
-11.128890799999999
-7.9265019
7.813664999999999
13.4296294
12.8581974
0.8706637
-5.5755163
-13.701915
-2.8304288000000004
4.6457267
-15.459976099999999
-9.4779944
7.5766277
4.703483100000001
-0.1544479
-0.7060061000000001
-5.199383699999999
-6.1422674
2.4212343
0.28399599999999997
14.351962200000001
-11.117902099999998
-16.5436106
-8.7946407
-13.3952702
-5.191685700000001
11.2395265
1.9804897
-11.859973700000001
-6.9555562
0.1119886
-0.7411755999999999
9.782381299999999
14.6440687
-1.5127452
-15.5073201
7.309006500000001
-10.868323499999999
-1.062036
3.8558841999999998
7.6781861000000005
9.3082694
-8.1030142
-15.392150999999998
-10.493221100000001
19.1174434
4.6908689
-2.6693087
10.7448363
-2.7275207999999997
11.8859156
13.0604064
-10.6747747
13.932633299999999
15.8993259
5.6995721
-7.2525109
-1.1622956
2.8345979999999997
-4.535123
-4.836273
17.6215384
10.5674183
14.496787300000001
-16.9887085
6.103076499999999
-10.159424
3.1773700000000002
8.808777599999999
-5.4933947
-6.1192584
8.5332871
15.1733553
-3.964228
-19.1355072
-17.0134671
-3.971562
-6.2926104
9.9583856
12.7494894
-3.1143188
-3.3834003999999998
3.6939499999999996
-4.1474825
-7.3720551
-10.977024899999998
3.1957654000000004
-8.9831061
17.3358284
13.259784400000001
-12.4973261
9.004116400000001
2.5417631
-13.881276
-15.116261199999999
12.4550776
-18.6264225
5.0980994
-12.1709221
12.977547199999998
14.515549
13.6833904
17.5380492
17.4993953
6.9820884
-11.2011119
-10.9554068
-12.8284578
-5.0657896
-12.8371299
9.206729000000001
12.697569399999999
5.290331
-5.1383012
16.612863400000002
-9.7114781
-9.8202792
4.8384735999999995
13.565184799999999
15.1521621
-8.3866135
12.950815500000001
-1.2101876
1.888639
-6.275055099999999
7.8595399
-3.7708356
8.1803694
-8.4115995
-15.133219799999999
-9.2878077
14.971941200000002
-7.7407294
-2.3503987
6.5176117
-9.6672228
-1.5313075
6.5584072
-13.860305499999999
8.5313722
6.6002738999999995
-6.6750058999999995
-6.1651359
10.437524000000002
-9.4238088
-13.3886946
-15.440171499999998
2.4022218
1.4825486
5.5947584
6.3839841999999996
19.0811356
-3.1910886
-10.354545499999999
-3.0537386
4.8465527
-3.9888592999999997
3.1108909
2.2043056
-4.8156574999999995
1.688202
16.0496498
-7.9469521
6.6532615
-13.939520600000002
16.9763645
-3.3367762
-18.2356536
8.5254762
1.0466004
-13.4947967
3.2102511
3.0618802
-14.677503699999999
-12.773961400000001
11.244802
8.9331747
6.8057851000000005
-7.399340899999999
6.3690453
8.7253399
10.174314299999999
7.523404500000001
-13.5231393
7.6579336
-13.9669092
-10.639573700000001
5.8301828
-16.4958538
1.8749056
1.8301496
10.414916499999999
2.3181864
-7.4928211
4.2381594
-4.821122
-3.2870367
-5.4965834
-2.6600704000000004
8.8890865
4.1055723
10.0605859
14.4558101
-9.0850331
10.9984927
-8.063840599999999
2.1231063
4.0410719
-12.551414600000001
-18.1953747
10.2727118
12.8916194
13.9711253
7.207162499999999
-16.216205600000002
7.2755449
1.6886928
16.4961628
18.233409899999998
9.5616692
4.8993057
6.935935
15.7154075
5.392294799999999
-8.3490675
-4.9685894
-5.0497719
-4.1099088
-5.338653900000001
16.9786932
5.7289538
-13.863767399999999
8.6701582
12.6322009
-3.2124745999999997
-5.1423224
9.9761622
6.5809801000000006
1.6408368999999998
-2.6237998
-6.236740999999999
-10.5684322
-1.0965272
11.8524603
7.9741605
14.2435014
4.6968656
-9.9930235
1.9152355
-13.1761149
-4.3506827
-7.1755895999999995
-7.7427416000000004
-6.1707225
6.9547141
18.090745899999998
-11.222919999999998
-3.1322649
-14.0651951
2.3966176999999997
-5.0644184999999995
-4.8557874
-5.4976613
-17.4500479
10.259075399999999
9.4494842
-16.305754099999998
-12.8985147
4.2025757
2.9064656
19.584127000000002
-17.0983904
9.2427051
-16.0163448
-13.0356163
-12.6165761
-3.725779
0.41189749999999997
6.9423919000000005
7.2465559
-3.2166625
-11.1753295
-5.5371569
-4.8675568
-8.013780500000001
-15.051577700000001
-14.384211
-17.157320600000002
-1.1893086
13.334520500000002
-0.9344341
-0.2627313
-1.3484012
-18.2382408
7.2434651
-6.9048944
8.0347326
-11.090992100000001
9.033398
7.2646706
-4.1513627
5.7466704
-4.7843196
0.7804869
4.2194438000000005
6.0764203
11.3809259
11.9249009
14.1752754
-5.399865999999999
5.9688261
-10.983992599999999
4.195037
-7.7066855
7.8293565
-8.2094304
3.4061077999999996
10.7744527
-5.564539099999999
-3.9363967000000004
3.0312703
-6.7761936
-16.6837912
-2.2959498
0.047372
8.5151425
-3.1544828000000003
5.8576833
16.2451689
13.5333652
-2.6202228
-9.5221847
-2.5556056000000003
18.1223053
9.615245999999999
-13.390929000000002
-8.411001
-12.774572000000001
4.1943709
-6.283162600000001
1.6620485999999999
-10.034024500000001
-8.842223800000001
4.1865794
3.5456725000000002
-19.323935300000002
-9.242070700000001
-1.6213758999999999
-18.8771199
-4.6545689
5.1624029
-10.158965
6.9583561
-5.8833037
-10.910823299999999
-3.0971105999999997
6.1435415
4.4723634
-5.3219305
13.369015899999999
2.5331189
-6.7755427
-1.9721913
5.7406409
-2.9871046999999997
-13.504537800000001
-13.5109465
-6.450391100000001
11.0049033
5.7772843
2.3988754
-12.9219604
17.8100277
7.2074761
-16.3346627
-11.1406471
-0.5447202
12.5070592
-14.4608803
18.0036591
-5.3193198
-0.9536708
-5.2658569
12.1727964
9.887704
-6.4013519
-8.1506312
-18.955272
15.1168715
-9.9275325
0.5868538999999999
4.776069
9.2978464
-5.161982
-10.1573077
-16.6982048
-1.6732589999999998
-10.0484563
-17.557810099999998
11.5502216
9.219180999999999
-2.5499865
17.428987
14.7768906
-2.6748654
9.3206598
10.7864468
-6.0618583
-2.8733503000000002
10.1170472
1.6801111
10.6924258
-8.027203100000001
13.230134900000001
2.1927836
4.7159863
-5.2836810000000005
-12.018778600000001
-4.637402
4.1778764
-8.9600753
-17.1647723
1.7427527
-9.8298352
-11.576602600000001
-8.6423595
-2.4867935
12.460333
-15.1093409
6.8759632
18.0243096
-0.2032091
-0.9889537
2.3472212
14.781161500000001
-1.1335874
-3.3070461
-18.166883
-6.3003206
-13.2227761
3.4794788999999997
-16.9745493
6.7096378
-9.4858719
1.3027718
18.280431
6.8967126
-1.1267767
12.894895100000001
12.229758200000001
4.2003803
13.964839300000001
-10.643841199999999
-3.5292061
-4.4333656999999995
-17.1851358
-10.9568794
3.1232157000000003
-13.705323
1.9622826
8.7828776
3.0820213
1.8941676
-10.8966055
-6.0630909
14.146819599999999
-10.4876352
13.5373827
-0.0566821
11.7130353
-13.114873399999999
6.9883055
-11.3233723
7.7023931
-11.7557591
0.33368250000000005
10.0805834
10.1512991
2.0862874
-13.9619658
15.8318515
-3.4656484
6.0806495
12.7072514
4.780238600000001
-12.4822628
1.8560144
5.493402499999999
-16.7097021
-10.3582513
-9.390529
-1.415197
-15.684362100000001
4.2828043000000005
-12.6290824
10.2720334
13.3976143
16.7983206
-7.1049928
17.453684
-12.118953
-7.109674
-3.6354707000000004
-5.826750100000001
-4.3725917
-3.6590354
-2.020054
1.5707481
-9.851361500000001
4.8705104
-4.070574
3.6071647000000002
12.7963057
5.124815099999999
-5.684466
-12.6924089
14.2962334
4.1076305
9.6038197
-14.567271
2.5926265
14.078236799999999
12.632539200000002
-1.6084929
0.5259444
2.3805653
-4.5343928
9.222035100000001
16.7696608
14.6263772
8.4326994
6.9297739
-15.2830618
-14.5033222
9.2002434
1.8644201
4.7220901
-15.5740071
-8.3971939
-13.2090122
-6.363297599999999
15.522843
-4.3610552
-9.190895000000001
16.9419772
-17.9887517
3.1082067
-10.040709399999999
16.719208599999998
-0.34694949999999997
-14.3693468
-11.9663822
11.42008
1.5624162000000001
-13.8742517
-13.535123200000001
11.5072715
9.9866022
16.906306999999998
-6.6776627
4.4699615999999995
7.4462033
-4.8502975
16.6894075
-15.945046600000001
-14.2393723
12.0919934
-3.4955007
3.7724145
-11.125706399999999
2.1990639
11.846820399999999
5.5597277
-16.1723341
1.3612881
-0.1011515
10.6529851
1.9623204
-4.712312
9.7468243
-12.863414800000001
-3.9093036999999997
6.928917
-3.4298097000000003
-0.33996180000000004
2.9251074999999997
14.5486673
14.3804322
1.5241908000000002
-11.1174327
-13.6922883
1.4514897
-14.2698151
-6.6679282
18.0527322
-18.6057664
11.440091500000001
0.8437547000000001
17.2860097
13.205492999999999
6.9137567
6.0305079
-0.6834229
-18.7062241
-16.5673393
-13.7131626
-13.3304463
17.1250636
19.0163944
16.4373051
0.6332491
7.4476583000000005
10.6402603
14.739758400000001
12.5204577
-11.0608445
-16.4231322
7.2455842
-6.7647699999999995
16.3807783
1.2054715
12.750162499999998
18.055615
5.2079923
-8.5351161
6.5941813
6.066642900000001
9.1389966
14.7896866
-0.5618437000000001
10.057804599999999
11.7672815
2.3656639999999998
-16.252226399999998
-6.6823834
-9.6031703
10.226994999999999
-16.809316799999998
-4.2558643
-2.6615607
-7.786784699999999
-11.7073453
-8.3943182
13.565419400000001
13.0717898
-4.5548327
-7.589299499999999
-9.8764341
3.9143774000000002
-7.8622226
-14.8856668
-8.7645552
0.1287752
3.320491
15.0754117
-5.190402000000001
6.9642783
-0.24390730000000002
-3.7519679999999997
-3.5334989
16.8660284
-5.0654398
-5.0624056
13.269204199999999
16.888127400000002
-16.9470333
-7.3444945
-5.5430259
15.7807297
-3.7134245
15.3249603
-9.4956221
-6.7386479999999995
7.959372200000001
1.6628370000000001
-12.716288500000001
-8.5240012
-3.4193360999999998
9.0827163
8.8828806
11.5551778
12.2277498
12.241080799999999
-12.179704899999999
12.134909
14.1180001
-12.730612200000001
-2.0824005
2.1001222999999998
8.0002602
-7.3554075
14.3191469
-17.382420500000002
-8.0940558
-9.113245899999999
-13.4111888
8.1432866
-16.3284719
-12.172792999999999
-0.3516466
17.5573471
8.189729700000001
-1.1076223
1.334075
-3.4469634
10.8148359
10.156500999999999
-5.490614000000001
11.6125044
12.9111295
-4.9778398
-9.418440799999999
-16.0507144
-17.084985500000002
-3.0190372
10.6441465
-19.1395136
-12.3470486
-8.9308654
-18.062147500000002
-4.0852344
-14.950700200000002
-10.2396577
-10.6085213
-6.2283239
7.8491579
10.6667219
-4.8174377
6.2638787
-11.343366699999999
9.6995535
0.9989337
-11.7043941
-11.633353
3.0974123
7.711093600000001
4.7052478
-12.8714896
10.3481319
-4.0196812
11.354043200000001
6.7497603
9.0643242
1.3666276
3.2160327
-9.1651145
-17.1115932
0.8753041
-0.29255980000000004
-0.9157335000000001
10.5295026
2.8300162
-8.0655495
6.3538875
0.2576812
5.5851522
2.0406684
-7.737337
13.6700767
-11.8664363
-12.619085700000001
7.132526400000001
-4.6528294
4.1664196
5.5400958000000005
4.8399266999999995
18.5883187
8.5404467
-14.943216399999999
9.560068300000001
-11.161832400000002
16.1651105
-9.2559957
-4.2241377
14.1181099
12.7927935
6.111507800000001
7.7785078
-3.9547565
-17.8025336
-7.6615722
2.1006789
-6.6601452
5.1076568
-3.5627925
3.1333287000000003
0.788409
7.371439400000001
-1.5177190999999999
3.3992061000000002
14.669765
3.5422199
-9.3307006
9.6843682
-6.694163
-0.6258413
-16.2397681
7.454001399999999
11.715113100000002
-3.2437772000000002
13.8357419
-11.9521209
19.521276
15.7892733
12.4968584
8.216751
-18.5312621
14.9708491
11.6088971
0.044839000000000004
6.8138099
2.910587
18.044439999999998
13.0769551
-1.7916762
-18.5870328
-9.9262974
10.510317800000001
-7.7723924
-14.2962588
-3.4600319
-16.2650035
1.9925958
-0.4568038
0.35537329999999995
1.7137133
18.319167
14.442582600000001
2.6513387
-4.6468214
-3.5949271
-0.8866991
6.029462
10.2901412
9.9785772
-13.9772963
-16.1826112
10.632639999999999
13.8053457
11.2262991
16.0555505
-10.456192399999999
8.6608297
-10.5062637
8.470409499999999
12.1165225
-2.517837
-3.7452679
4.6270356
-1.2132611
-5.353295900000001
-5.9309709
-18.2104012
18.1084538
13.006115600000001
4.7495708
-0.1833408
-9.6486122
-2.539127
6.0330036
13.916286600000001
1.3916072
-5.8735763
-11.671990000000001
-14.9685098
-6.3222685
14.6525537
-12.0650549
7.2526653
0.6996779
-2.7747546
-7.2711442
-4.1781299999999995
3.3869119
-13.766439700000001
7.998833899999999
3.3479305
-9.0889215
-2.0413554
-8.2228346
-11.9054232
16.7313197
-0.7469713
-7.465634
1.4079562
16.3074926
3.4810401
11.6273528
-19.026356699999997
12.8399342
14.6776433
7.8064946
2.051559
-5.8510466
16.9208031
-8.7369096
9.2177247
-4.7252142
-5.581766300000001
-6.5084244
17.8984478
8.621105700000001
-12.959495400000002
-6.4948202
-3.1305180999999997
-2.7389202999999998
14.6010358
-1.219884
-10.394283
-10.4996444
13.0332279
-1.7019754
5.120960800000001
3.6230999
-1.488021
1.9855347
-3.6125648
-3.1920574
5.3947404
8.2177464
6.9003318
0.8424955
-14.2954596
6.3123263
-3.9378098
-5.0148227
-7.554602
-15.8806964
4.074121
-5.4116697
2.5504169
10.1162873
-5.2990441
-8.5456672
-13.6097697
11.6592141
-1.9063507000000002
-10.7651962
-10.035357699999999
-1.2712497
3.8502523
-1.6827021
-12.697690399999999
10.3308276
-9.0156996
10.6837551
-6.039611099999999
14.8301259
0.7229052
7.2886905
-2.3510351
10.5295769
-16.8978045
-11.320129
4.3750576
-15.9486096
9.0742279
14.6144715
9.3059425
9.8297683
-3.6088715000000002
9.5895954
-10.591434300000001
-5.4444738
2.4063394
-1.3089492999999999
1.8288509
-7.3341271
-0.4250239
13.949384199999999
-15.657888600000001
-8.2494996
18.6116006
-18.7182423
-1.2533757
-1.5493099000000001
-10.928073300000001
-13.398929800000001
-17.90837
-5.616192
-11.5419787
-9.1582507
7.0199928
-5.216714
-15.7993577
-10.4412175
-4.782441
17.2963515
4.2165631
-0.8767851
5.551939
-15.6439843
2.6380955
3.0508238
-0.9168669
-13.0787663
-16.962866599999998
7.6114120000000005
-1.134798
-9.2312968
-8.2330439
-6.5067594
-1.8348887999999999
14.858808699999999
-6.5361359000000006
1.1462762
-4.4402587
15.819865700000001
-4.4355829
-1.3106346
-5.7134217000000005
19.3327515
11.1350306
6.0408588
-9.4356675
-3.7450103
3.41954
-12.018855
-7.9757264999999995
13.4683419
-5.3334008
-8.0367081
11.3186719
-10.3529694
-7.072015599999999
-13.156514099999999
-15.186416200000002
10.549117599999999
18.3455978
-17.6513253
-3.3675464
-10.636200100000002
6.2176611
-11.5969682
1.586325
-18.5035199
-4.8967003
-15.403490699999999
-13.1762935
-10.7784326
11.272827600000001
-8.398144
-13.381883499999999
2.110449
10.9249174
2.6440426
-3.5146832999999997
-8.444740900000001
10.1775163
-11.9084609
-16.1516466
-10.290021
-15.6931593
4.1915391
13.7092988
-6.6342192
-10.892868
16.0100962
2.8704678
6.2214081
16.2203591
-16.545436600000002
-6.5583912
10.1743258
-1.2144743
-2.7707806
-8.797844
-0.6395491
-1.1492831
-5.614483300000001
-10.325809200000002
-12.2472766
-16.0855386
15.935238199999999
-5.0797299
-18.6854034
-9.1248193
15.6384989
-10.287074299999999
-9.4663665
7.354648999999999
-2.3556722
-4.6356548
-13.3165385
4.0992049
-1.3893685
3.9293879
-14.366464800000001
-5.8623489
12.072303699999999
-3.9217622
5.4903236
7.5873554
15.037738999999998
-12.094789200000001
-15.3095972
5.1425176
-2.534447
13.612916199999999
-17.2571321
-18.815482799999998
-2.9641421
19.4197348
13.8606915
1.1963705
-4.9478041
-8.8062143
-3.1395357
-16.5799987
2.8636273
-15.730793799999999
9.8053581
4.2965501999999995
-3.5186349999999997
-12.3742216
-5.8363352
17.574763700000002
-9.2823834
-16.0917979
-11.1483015
-2.9161054
13.994619
-2.7276794
7.5184616
-17.5641082
-10.5182115
-2.6543067000000002
5.0529785
-8.1524737
12.4183819
-15.3333825
11.0890856
10.1201217
17.1875578
13.4283718
19.0010714
-7.9684982
-11.981199799999999
-3.4755428999999998
4.6511631
-15.4805847
-0.9311969999999999
7.448384
-8.9791825
13.0500929
7.228655
3.2949441999999998
5.8495875999999996
0.354205
-7.1770186
16.5347593
-15.2733996
-0.0368026
7.2588822
0.827501
-3.4485585
-18.5062016
15.320475799999999
-11.0763853
2.9217683
-3.9853519
9.112311499999999
-10.785636199999999
7.7520877
10.4519459
-4.0133035999999995
2.6903840000000003
-6.569994
18.7574782
-6.640758
-15.4271157
2.2064021
-12.015617500000001
14.4059303
-3.6997451
4.5945868999999995
-10.2180621
-14.823259
15.6287907
-7.3393182
7.2547403
-8.6438388
-12.1287181
10.034510000000001
13.1791724
12.878028500000001
14.3697414
11.9559421
8.2253574
-0.227696
11.836444100000001
-8.0411421
3.4251502
5.6063676
13.3560672
-10.7805144
8.3891685
12.9741239
13.7878809
0.2555866
-5.795877000000001
10.8817882
-2.0191481
2.9188002999999996
-4.5478664
-1.7572457
-11.428615500000001
9.2196032
-16.886910399999998
13.994711500000001
13.206352899999999
11.941824899999999
2.5517412999999998
16.306414
6.3747614
11.6740146
5.8729891
10.0180696
-16.2468832
-6.4198675000000005
7.5740524
3.9542360000000003
-14.0619579
4.2905419
-5.1902192000000005
-6.7621825
-14.8085279
-10.381993999999999
-3.4737858999999998
11.387594
-14.9367379
16.8722883
-8.9137031
-19.4784393
11.132791099999999
3.0559466
16.8703367
-15.851646
4.6476828
10.9663194
-2.9641423
-15.0444776
-3.2095823
-6.9998631
0.49377960000000004
-7.399924700000001
9.209004
-15.5425551
-0.8689241
9.7641887
2.4318295
13.1419721
4.2252641
4.498347
-12.838768600000002
0.6784899
8.2243093
13.8954304
10.5394797
2.4612362
-5.0638198999999995
13.196846
-7.1811787
-0.7993194
-17.9943098
-8.4625671
-16.590405
4.0086848
9.2187108
-7.244054
-17.6711654
-7.5918889
-12.7138326
2.0509402
14.012257
-6.775055599999999
-14.275586800000001
-8.2352661
7.3723491999999995
7.3619575
-1.2258986
7.3913762
-16.013379099999998
-0.26185210000000003
13.7949956
3.4543898
13.6082334
6.1590894
1.4965278
-4.3087427
4.0979691
-10.499357600000002
-0.6399207
-5.6571433
15.553245400000002
-16.4666425
3.0827562
8.345469000000001
6.9078967
-13.7785417
1.3141182
-13.908922500000001
-5.0963918
6.175230299999999
2.3867361
6.282716400000001
4.4077832
8.6730842
0.8053454000000001
10.6269738
-14.4227712
8.4247681
-14.0411192
-0.3667661
7.0004989
13.487857400000001
-10.695239099999998
2.7517201
-9.1925063
-2.6854391
6.8023874
4.7710824
8.4775011
-7.704247800000001
-5.6572401
5.594036099999999
7.4722122
0.423129
-11.8601977
-13.8547317
-4.7163166
-15.4216543
-4.0791719
-18.4939456
-9.9422054
-1.2564068
12.5961043
-9.1153962
-7.304538300000001
6.7398671000000006
13.188591899999999
-4.2973607
-1.5024601000000002
-17.3397987
8.578809999999999
-0.2751194
6.0931381
8.3189397
-10.3782057
-0.3344668
-0.2732045
-10.052794800000001
-14.6591057
-10.095772799999999
2.2386988
1.4145068
17.4853899
-14.4235087
8.3331958
2.3892719
19.1593965
-12.8244326
5.0701979999999995
3.8098020000000004
-12.8640291
1.6702711
-10.6718411
1.3304746
-11.736023
-10.1272645
-13.153420599999999
-5.1238874999999995
-5.4414108
-15.982243599999999
-14.8673312
-10.0661457
17.986412299999998
-0.5290946000000001
3.7432309
6.4973164
12.128240900000002
7.030300499999999
16.2611365
8.5601196
12.2354368
18.182919
-11.3008214
19.5599785
-14.1986573
-1.1531667
14.124175000000001
3.175428
-2.3615188000000003
-7.1356086
10.1399269
3.9242554000000003
11.663646799999999
-1.2911127999999998
-12.849996599999999
7.7350319
-2.2161049
10.394370799999999
12.7893848
-9.4954097
0.35667180000000004
-9.2819824
-15.7339733
6.8792729
8.0728016
8.7871193
-12.8721783
11.8751389
0.3524248
18.255509099999998
-6.9538836
-2.1070755
1.1025293
-4.3003969
0.9231923999999999
14.416028599999999
-5.648169
1.5440882999999999
-1.337653
-2.4376511
-8.0118019
17.671197
18.5315967
-5.8724307
-0.3294804
2.1690879
11.0160235
16.5665716
6.0890505
-2.2984644
-4.1318348
-10.9575294
-9.0622638
-17.6356745
3.8278410000000003
-9.8539965
-13.4296333
6.4574614
12.421892
8.7700165
4.9916349
-6.1928137
-8.812395299999999
3.5457467000000005
16.1035203
0.0550031
10.3817362
-8.7748652
16.5136298
-6.0153567
4.5067072
-10.6174099
-0.7589952
4.029815
3.0766907
19.4691863
-9.5670134
17.8254707
9.8551354
15.226203
-14.727232100000002
-0.46635089999999996
14.274031299999999
-10.2036883
12.625819799999999
-3.0189307000000003
-6.4067128
-11.724028599999999
-9.012607299999999
-17.6004749
-18.9625193
-12.5376084
9.6634855
13.290201300000001
0.3839082
-13.651184599999999
14.7043381
-4.1723456
8.9836964
-2.6838029999999997
5.3927434000000005
1.1708761
-13.7958806
12.8226305
19.4635416
16.981631
-10.5420909
0.40348619999999996
-4.7522611
-14.2620079
-4.8497591
-8.7917008
-5.2287097000000005
-5.1379754
-14.1627569
8.1240541
-17.8826261
12.9842504
-18.160259
-15.960526600000001
-18.8039761
-2.8708546
-9.9795292
9.2822999
-15.8530289
1.2353807
-2.1214539
-2.6619977
4.6250402
-0.9625549
-9.0592756
-8.9921567
-8.8847568
-7.207132400000001
8.5579354
-17.324725
12.0600291
10.747586899999998
19.512064
-5.1995339000000005
5.844074000000001
-12.4637749
-11.3938839
2.1774698
-14.0796742
10.0773321
15.0899771
8.2173979
-14.6762494
12.1049942
6.309481600000001
-11.7609809
-4.8311922
3.8972884
-3.6382394
5.1159685
-4.016633
1.1448462000000001
0.45532809999999996
5.376957099999999
2.1999002
-14.0266891
2.4731810999999997
-3.4390708
-0.3586209
-11.681543699999999
3.4085031
-7.8663647
-15.0808001
-14.9109699
-10.2598081
-9.0395565
-3.1649675000000004
-19.0196145
-12.637864500000001
6.7998814
3.3751755
-7.223057
-14.167771600000002
0.7285642
4.7626453
11.369157399999999
3.5889301999999996
6.5101406
9.904458100000001
0.6157562999999999
-10.567124699999999
18.514874
-14.514660200000002
-9.8549685
-5.887263000000001
10.235344300000001
0.9041294999999999
14.418593000000001
3.9292077
-1.9417581999999998
-6.569758
-6.4587243
10.2158542
2.0164755
-6.4070794
7.6417609
6.7868232
15.266605
-9.7257887
14.7732513
2.7501303000000004
-1.3699695
15.3899543
-12.841188500000001
-1.3793938
-6.1657597
1.6868306000000002
-12.305709799999999
-0.6594456
-13.245907899999999
13.8245919
-3.5693509
13.253675800000002
-13.7299939
-8.8163144
17.4220354
7.549744100000001
3.6012011
-4.3219671
5.940482899999999
-11.7919257
-8.347465
1.7808498
15.6819661
-14.4053849
14.9191428
12.610647100000001
-14.206217899999999
17.263498300000002
-2.2808206
-3.6810302999999998
8.017651899999999
3.1159825999999997
18.5729095
6.2567082
12.7084549
-11.9649547
4.9779775
-10.9584234
-0.08819039999999999
-7.5541844000000005
-6.046084100000001
-7.935353
-9.4021592
16.0468012
16.2013202
12.551985299999998
-3.0616722
-2.1617593999999998
13.073199500000001
-17.1271995
0.2131838
16.2191918
7.793105000000001
-11.0014349
6.1629285000000005
7.2673477
-8.7745748
9.1600553
-8.0191314
-8.6234207
3.2050868
5.6610131
-8.8843353
10.454594
3.0750414999999998
11.204666099999999
-3.1630138
-7.1431268999999995
8.7636882
-6.0232493
4.9394333
11.8439377
7.2315092000000005
8.6750305
5.8165925000000005
-13.2225207
14.6940922
9.0898029
-5.6178925
6.873648500000001
9.2997336
-18.171875500000002
-16.058047300000002
-17.0537373
-12.7340344
-10.3145127
-2.2621176
-11.2612922
7.8875664
16.7640369
13.529611
-2.2896705
10.6351916
-14.076348900000001
6.0251418999999995
-2.6550637
6.2455904
-2.3700487
-11.5020261
4.1705893
-1.364726
12.6966432
-9.58919
5.1228549
-14.0155405
10.8014008
3.0174175
15.2083792
6.263702899999999
-16.0721356
19.5923935
7.9446883
5.0765639
7.3685442
12.8317785
-19.312276400000002
12.3199632
-16.9625537
4.5199206
19.3328217
12.7181598
-17.1611426
4.8249359
-9.8863166
-13.276180799999999
1.3615484
-2.2767365
3.5801418999999997
0.7261871999999999
9.2548856
-18.2092108
0.4669129
9.0541636
-11.855841
-1.8349905000000002
6.241275000000001
14.3362768
15.647476200000002
-10.0894259
10.5494343
-18.2464375
2.7790908
0.0395421
-2.3635373
-2.452956
-12.9431585
-12.385490500000001
3.7239193
4.9653616
0.9733506
-8.2232833
0.1164334
6.6718776
8.2684214
-14.2850888
-2.8083579
8.443695400000001
2.3409545
-5.9754666
13.1112365
-3.6638975
16.6191969
-7.243792099999999
7.2810776
-6.7787508
8.8545177
2.7707508
-5.165767
3.3804041000000002
-2.2434187
10.693384100000001
-4.3546135
9.5968238
-1.2278901
14.2747985
1.971097
10.9909753
4.8397312
16.1705617
18.1691283
-2.4056338
11.7378351
5.3107226
-14.1814059
3.5845424
-4.6561979000000004
1.1262783
-4.131951
-3.1486662
18.088276800000003
6.4043226
-15.6258916
1.1620783000000001
13.9990966
8.7590724
-2.8603237000000004
-5.8540885000000005
-10.0646194
-4.9299757
1.7691218
16.9347223
7.315303
14.153812
2.9430291
-3.8914767
-0.5927654
-5.9048402
3.1308722999999996
-10.730078200000001
14.395346199999999
-14.9161161
-6.7977684
-15.3459366
-4.6287322
4.0378257
3.8906767
0.9352509000000001
12.242839799999999
-5.0648019
-9.0415491
16.0691389
-7.525451299999999
-12.2747423
-0.0519037
-10.1576727
-18.4534212
-9.5454214
4.8710862
10.6977452
3.2383216
9.8347563
-13.6174982
12.8408876
-9.144855
6.2016137
-1.3495961
-3.1341789
-5.1097836
4.2330482
12.4634771
17.910786599999998
5.3304635
3.0653059000000002
6.4864818
17.995075999999997
15.274208000000002
11.723415399999999
-8.5844053
-6.6595716000000005
-5.5971763999999995
-10.266973499999999
-16.2790268
8.1025815
16.5449403
3.0028443
0.10915810000000001
-14.4567309
16.2286637
8.3155666
-14.5729296
-2.740483
-13.9945406
-11.405237199999998
11.082351300000001
16.2893082
-9.610490200000001
4.2838082
7.3584455
-9.1105295
-3.0386604
-16.9642911
-0.3091448
11.804161099999998
1.3051013
7.044976699999999
12.460785000000001
-7.597714600000001
13.826197400000002
13.116860200000001
9.8972412
7.831912
11.775956599999999
13.3846486
7.1769225
11.262792
1.2185139999999999
-6.0705580999999995
-7.216538399999999
6.574566
-6.0609578
-15.441695
-2.6363909000000003
-13.652277
7.3227955
-6.8548158
-8.3717288
-5.2986877
-8.453283800000001
-16.034325799999998
-9.021668
17.9680134
4.241491
-6.211316500000001
-4.665324
17.4625588
-10.221226699999999
-19.6909979
-15.6375427
8.6196115
-7.6730044
-9.0079989
-10.3200684
-13.658326899999999
5.0168977
14.9161161
15.6168483
8.5844589
-12.7987911
10.1223639
6.7585512
7.269493300000001
-17.9635205
-1.0313782999999999
7.9287225999999995
-12.9046628
-4.1063757
5.5175301
3.6670972
16.422849
8.4138209
-2.5178134
14.3778226
-0.7418336999999999
4.8583561
19.179261
13.876211000000001
-6.9495483
2.7652269
6.3323815
6.983281799999999
-16.093299899999998
-9.5614856
7.8744989
9.490538299999999
-1.512319
-16.6177226
7.7318487000000005
-2.8068207000000003
-5.2394762
8.55662
-17.9002492
0.8447928
16.843005700000003
12.861857500000001
-2.2008592
-11.1144874
14.261650600000001
4.0929478
15.2005313
-8.288403899999999
-1.707716
1.5785258999999998
2.2470012
16.3436383
-4.6108785
-2.270854
-15.031127
7.4723185999999995
-6.7772713
-19.2161783
0.9617375
-2.3694693
2.7335302
10.2156497
2.4109874
0.2560051
0.21898040000000002
-14.912593999999999
-11.630145
-7.3287682
-16.8858811
-12.7229085
3.8264258
7.3036221
-8.0667291
0.000969
-4.9628315
-17.182048299999998
1.0908915000000001
-9.7115884
4.4068671
-3.3230055
14.4251949
-13.7896796
-12.3470949
11.2510108
9.6836177
-5.3749336
-13.793482599999999
5.7802405
9.0533789
-9.6201418
5.1558841
-1.2688495
-8.152321899999999
-8.7850901
10.7302061
10.215782
-6.624197799999999
7.6545614
-0.052032600000000005
-9.5735708
-2.6279077
-7.3639063
-9.3557427
-8.8727442
-13.1909016
-4.3226615
-11.721430499999999
-5.4157545
13.210524499999998
8.3727438
8.6795542
14.8166896
1.8067445
-17.8575765
-12.0892795
-16.2703719
1.0239973999999998
-16.5689406
1.3654543000000001
-19.2501189
1.7347754
15.2311269
-5.2065067
-10.0170671
-10.1253507
-11.537028499999998
-1.4635323
11.1749159
-12.8366594
-9.2043073
-3.7885442
-9.7658373
15.3244237
-8.14076
-5.7411714
-4.6577791
10.0016456
12.9793878
2.7040317
9.2207791
14.3588834
-17.1277287
16.3829149
-0.2207696
-17.1250809
8.6634192
-1.6399637
-7.7194461
-8.4382901
12.5816881
-8.032207
-1.6668904
-1.8961226
4.8344078
15.0883283
-11.1564328
-1.4883488
1.9930271
-8.0363182
-11.7672839
4.6044311
-19.2644044
-17.4818399
7.2021505999999995
-9.8505004
-13.1258495
-1.0659291
-4.4962477000000005
19.2818635
-13.2095351
0.4599201
3.7981423999999997
17.248638200000002
-17.0604734
10.7437498
-3.9251519000000004
12.0450298
15.9580936
-5.960396500000001
11.115704699999998
-8.4399068
6.8326191
-8.6333385
1.5608167
-15.653990100000001
17.3497387
3.0905226
-8.0670147
-7.3648938
2.6152866
16.9674196
5.0753369
8.6594877
-5.1285297000000005
1.0919185
-13.1146563
2.1219734
-9.906583399999999
17.3581276
-4.1712419
6.1998629
-4.9390312
3.5341148
-9.099678
-18.4034479
-6.6562662999999995
-4.7933898
-5.969197
-8.3501513
18.465051000000003
-4.5241903
-12.9716083
-4.6480213
9.531462900000001
11.276214
8.2007488
-13.6795374
6.765446399999999
2.2771054
1.6230115
5.0115413
1.844441
-15.620166200000002
16.3413289
-14.450534
5.3923583
-1.1169323
7.3693862
10.5719264
0.1158299
3.8380185
-2.6051627
-6.209907500000001
8.8823127
-18.7707068
-9.0246099
-18.1148134
-6.8358384
-12.986861300000001
13.002127
-0.2929037
12.216750999999999
-7.1999645999999995
-10.806537
5.8259109
10.5095144
-11.191962
-9.7299752
-8.784150499999999
-8.822249000000001
-18.1903796
-10.9938856
-16.354336800000002
-17.2312726
-13.9643864
4.5510095999999995
2.0952995000000003
-16.929284
12.9722029
7.9524094000000005
7.3975428999999995
5.5255214
-9.6373121
-9.3496759
-0.7487932
5.2263474
5.8035445
-6.8075387
-12.345644700000001
15.7252865
-16.955186
-10.2704302
-6.8226914999999995
-8.5805821
6.325759799999999
-6.940823
-16.511919600000002
-8.653014899999999
16.065676800000002
6.8557303
12.0707296
-8.7353848
-1.2487272
17.6698321
-5.288292800000001
16.988696700000002
-8.9595215
18.5099791
18.230179
11.0579341
-0.24171209999999999
10.9157315
13.9476998
3.6044463
-5.5941247
-11.0437017
-0.5552334
-7.4447271
9.3257378
-16.9596641
9.7463721
-8.6433455
10.1486883
12.5943544
-16.412519
15.455968700000001
-7.3156753000000005
-13.8932644
8.7973751
8.116008
-14.8120139
-16.7046192
0.7668801999999999
18.186973000000002
6.194606599999999
-5.7526619000000005
-4.7222227
18.3920942
-9.716563599999999
13.6117112
0.9240912
-16.3240214
5.7684536
-3.9934735999999997
-14.7269971
-2.7789524
6.2084775
-18.9708476
8.7501873
-3.8848057999999996
-19.080363600000002
-8.3919934
13.2423626
12.682136
1.5234395
11.7301914
-15.375363
12.198877600000001
14.022241200000002
-16.767302299999997
-0.7735405
17.8584357
5.7746808
-16.7127708
0.6536310000000001
-3.1949842999999998
-15.5784521
13.9567713
-2.1335421
-5.3162512
10.274374
-10.0204387
-2.6344112
1.2160808
11.2403976
1.1858584
-14.816752
-2.2638834
-2.6737509999999998
-17.0479091
-8.5880534
13.0546875
-3.2802785
2.6073917
-6.0381345
9.0892196
-13.9135289
-1.1012254
12.2025686
12.1382389
9.2746808
-6.4013208
4.9509364
16.3727995
13.9029277
-8.6011176
11.8812935
-14.164638199999999
-13.101844799999999
-2.5694857
-14.642691899999999
-0.6459512
-15.6544279
17.6110807
7.1272204
-1.3783731000000001
8.643768
12.0066896
-12.660665
7.4629747
-11.0525573
2.3673137
12.3819075
13.454712899999999
10.0492901
8.7802467
-13.309690499999999
-7.9780945999999995
10.313645300000001
14.9372496
-11.9928093
-16.9351394
8.9919283
10.477459
19.0133088
-18.0846618
2.9178965
15.4732837
2.6796732
-12.8774206
-6.3101161
-2.4746833
16.4223016
-8.1363757
-4.507672
-0.2103056
6.1209602
-9.0344816
15.7764399
-13.926169600000001
-4.6329243
-7.2131565
-11.814450899999999
6.3861368
14.038571300000001
-12.1616804
12.3745271
-8.2537348
7.1447558
-17.1765109
9.043705
9.963223900000001
-18.098766599999998
-5.6981049
-4.9927179
15.461752200000001
-2.52364
-7.7521335
-4.7036969
11.168314800000001
12.7923386
9.5533493
-0.9527046
15.5016429
4.1262876
-7.0281791
11.5020471
18.7447093
14.5166338
6.1539196
18.8578599
8.527226500000001
-3.631809
14.193037200000001
11.8985201
0.8544606
-2.3241733
-9.0041178
13.3975768
-2.6987972
13.073661300000001
-16.5221619
6.8695300999999995
-17.4685852
1.4659898
-4.7389945
-7.313426
8.174939799999999
5.9759258
-0.6155301
-12.6634274
8.2527026
-5.2911186
-17.763548800000002
7.961234899999999
-8.6480941
2.9351477
-6.5162175
-1.1222129
8.1086492
-11.557091
10.4344077
19.646235400000002
-3.7538659
10.3005576
-1.3672179
-7.3912793
-1.9249449
-5.6509867
16.5720859
10.9558521
1.1191254000000002
14.9880157
2.4150075
17.7138781
11.9608256
1.4793698
-9.6382538
-4.195661
-0.0936575
-15.0651694
-12.9364153
-6.794459799999999
-5.6474463
16.5673731
-15.6547498
-15.474036100000001
-2.384573
5.3158243
2.2930122
8.018267
-4.5818334
-11.8692255
16.048246300000002
-0.37458260000000004
0.6222871
-9.2346231
5.522344100000001
16.6250967
4.2132639
1.3470679
11.719604799999999
17.6685628
-18.2257446
2.3232502
0.0486868
-1.2031814
-8.9758119
13.0574068
3.1430581
11.2757277
5.166088200000001
-2.363343
-5.5034209
-9.5722907
1.8341586
16.0349817
-1.5934565
5.6166263
2.7008197999999997
5.2507556
-4.0106243
12.1066857
18.4200385
1.1107308
5.9041295
-14.0173109
5.9426
-0.6006525
15.0454099
17.226377
12.2318802
1.6118208
5.8200858
-2.7390108
-14.592239099999999
3.4323302
8.2401549
-11.961513700000001
-5.5473222
-18.9977165
-0.9036319
5.6806624999999995
-3.2718996
-17.2635555
-5.3669932
1.5542112000000001
-11.4371901
-7.6109914000000005
-8.6262154
2.9046969000000002
4.645177299999999
2.6942730999999998
10.0287348
-5.2635347
-14.9397938
12.0112932
-10.7509269
-2.4419111
11.9448163
-13.548137500000001
-0.055366
-18.4008259
7.1177928999999995
8.53934
-19.5588514
-8.5881843
-14.033480500000001
-8.1907791
-14.7498523
-5.6189355999999995
1.963168
6.3585492
-5.5878186
9.243669200000001
9.9165897
-17.5264673
0.6364504
15.775806500000002
-12.923429200000001
-15.938052
-16.9185098
-1.4869705
-9.2307562
2.6417133
-14.2536557
8.2190408
5.1787734
1.5741507
-5.053229
8.7307352
3.264629
-8.5358056
18.3414958
-9.552617
-14.9421027
1.4433883
-4.7150865
2.0272251
14.3816792
-7.479641
16.7809617
-0.2661616
-8.661884800000001
11.4105077
0.32435980000000003
-11.970579299999999
-15.7085238
7.7855611
-10.0560334
-5.140840399999999
12.797282000000001
-5.6465811
13.960842600000001
-6.9071636000000005
14.6435078
-9.9538329
3.9134426
14.3134555
-0.0584791
-8.5329877
-15.7004907
-4.4225648
-8.9718374
12.3482509
6.6523715
13.966782
-15.8653537
12.8898842
-14.473498300000001
-0.8336222
14.1391926
-12.048293300000001
1.7097263
13.801817699999999
8.561743400000001
-8.3141556
10.2125176
-3.5277936
14.3072218
3.8112331
7.9665237
16.8952667
-1.7336494999999998
-11.708260000000001
-6.9783911
12.1123306
-7.142229599999999
4.0410954
-11.6213443
-4.1583292
-1.1221246
5.4969497
18.1233282
-13.394196099999998
-2.5529275
2.1908635000000003
12.0319479
-7.378695199999999
9.4041851
12.276002100000001
7.9590185
-18.4799186
12.0681224
6.422471399999999
2.0931045
2.7560728
5.8407936
11.1044424
6.704780500000001
-4.0518784
-15.853450800000001
0.17323139999999998
16.3961399
-16.509611500000002
-14.2321119
8.1784202
14.1866857
3.9180672
-1.8790169
5.466997
0.20099499999999998
-9.931350700000001
-3.1817827999999997
-4.4787445
1.1544291
12.168785600000001
-3.4547158000000002
-7.4779236000000004
16.4335532
5.6799166
-9.4766237
0.7260601
15.586210699999999
0.5495024000000001
-8.4822511
18.7570419
2.7925378999999997
-2.0693175
10.536350399999998
-14.768707899999999
12.703642299999998
1.1711593
11.328311900000001
-8.513718
4.2343756
4.4500535
-7.4373329
-1.7705492
-12.2164613
5.6921533
14.6640105
9.7713445
6.390885399999999
-9.857441999999999
17.7695181
-5.8647503
-11.908688099999999
4.8952243
-9.5505167
-2.4408464
2.5077393
10.7078037
-5.9195563
10.081842799999999
5.5908057
-2.6849722000000003
0.2108738
16.1554895
4.6171324
-13.8737044
-8.5923448
17.9264015
-18.3343926
5.9834617
-6.072512799999999
-8.3814793
3.4522619
1.4560300000000002
-7.6159261
-4.2557789
6.4835487999999994
8.6811241
2.2118752
-5.8765461000000005
5.2774279
-17.4196893
-14.6830953
-7.012546700000001
-13.1463771
6.7864378
0.18580950000000002
10.7082716
-4.5587394
5.7002326000000005
-6.8718066
-0.0914973
5.543962199999999
-6.6330354
-1.6254982999999998
-6.771941900000001
11.4203947
-4.6157786
-0.39475859999999996
-13.4817946
-15.429934800000002
-6.620415400000001
-15.920200600000001
-8.580795
-2.1357065
9.2717036
-5.3716368
9.0630633
3.1595132
-13.1968041
15.947084
-8.388317500000001
7.8125675
-13.0660689
-11.915346300000001
14.4957789
14.6584248
-17.0633033
11.695365200000001
9.8860713
5.8123977
-11.1675759
-2.133596
-7.913148700000001
3.7392201999999997
6.4075698
-2.4146194
3.0320879
6.4804919
-10.452866899999998
-12.102320500000001
-17.1524349
-15.1601688
7.305118
12.5966181
-3.1038385
0.5031983
-3.3842841
7.0001439
-18.5147345
-5.4097088
-14.397737600000001
4.5819683
2.5468702
3.5302799
16.2385779
-2.0501308
0.9282607
-11.8651658
6.568039700000001
7.5108035
-5.972075200000001
7.4377929
17.1763206
-9.755523
-7.2441661999999996
-7.6351017
-8.6309121
-11.098805400000002
-14.4969141
6.1130092000000005
-16.6539145
-13.310161800000001
-0.6175217
0.1541891
-4.7102986
-10.089151600000001
5.0167325
-11.0513001
-13.3018948
-16.763681899999998
-17.141202699999997
6.8033415
3.4103814999999997
-10.2310237
-9.1160854
-12.5388031
-3.9555183
-5.1352613
15.6448921
-8.9828081
11.1760254
2.4871257
-5.352315
-9.0791956
-11.1738276
-0.9769272999999999
5.276348400000001
0.5154182
14.3528074
5.3587662
-6.308546300000001
-13.726173300000001
-10.1550476
-12.8258465
-1.6941165
16.999831
-17.489515100000002
-8.6820428
-12.6811282
19.3195688
0.1622181
-6.979474
-5.5533774000000005
-1.9213129
-9.6616535
16.8345293
-17.250119299999998
-8.3122312
-14.350135
-3.9451066
1.8906834000000001
-8.151917899999999
-4.1896429
-1.2867216
-6.141439
-4.6786463
-6.0248433
-5.4391076
-10.8240776
1.8950509
-9.2995154
-14.385499600000001
-5.1094406
-2.1355665
-15.3817716
0.947068
13.9689814
-13.729797000000001
-15.484494199999999
11.9464702
0.883352
2.0205341000000003
-8.3564296
11.098616300000002
-5.4843986
1.8421276
-18.4903685
5.1095445999999995
-10.3502243
-4.4394827
1.8357443
18.2125
-13.8237444
0.6470073
-18.2267481
-0.6814454999999999
12.3749343
-14.430416399999999
18.2881437
-2.2192431
-0.3392695
-2.495597
-14.453048200000001
-12.7952236
-8.2832284
-10.8306474
-17.7067422
2.8653354
-2.6340006
2.1957642
-6.5399224
1.5990629
-17.7719041
-3.1182008999999997
5.1739393
-16.6107547
-1.0369713
2.4714084
-7.121997400000001
7.4045074
11.2928848
7.8109406
16.5947341
-5.5861209
1.4711877000000002
10.5732446
1.7138254000000002
3.8026716
-15.4891472
8.8931695
-10.204625
-0.4177359
10.398903299999999
-5.9028367
3.683579
-3.2306302
5.671454700000001
-14.2957434
1.8821618
14.425150499999999
-5.465277700000001
-2.2254342
7.9903173
13.1149497
5.8556714
-13.831256100000001
-14.289500700000001
4.9991834
4.6469752
12.565571199999999
9.3710066
-16.6424327
3.6781471
-14.381748700000001
-3.2039791
15.315734500000001
8.4965861
-4.5569282
-4.8725268999999996
-7.912271
13.4168272
-13.2369835
1.0270875
10.463061499999998
-13.0399674
-2.1280811
5.8691964
-8.416306200000001
-1.0339021
-17.5352563
-17.5229663
3.0591209
-14.1687699
-17.085106699999997
-14.0921848
-7.961643400000001
7.415297000000001
6.073114299999999
9.2158868
13.0938314
-14.1062572
-7.331497000000001
-8.1782739
10.2137899
8.9835521
-3.4954842000000004
4.14313
13.302883999999999
2.6311233
-4.0394166
17.9382184
-19.0634319
-8.4944648
9.264950800000001
2.4425129
8.757484
-13.017382099999999
-16.1081178
4.1778078
3.0650408
-14.763557800000001
15.1255716
-6.5629645000000005
-1.8580672999999999
14.7224784
-12.5840322
-16.3266916
-12.324164399999999
2.7875633
3.0566743
-1.4608886
-18.4431738
-2.7481752999999998
-16.3576667
8.8546133
-7.2063603999999994
-16.606783399999998
-7.0127175
5.1910836
-3.2528084
-3.846834
-4.1375643
10.809871399999999
-15.3297156
7.1413341
-4.9526391
-0.5041617
-9.7443159
16.172031999999998
-9.4603417
-4.8448402
-9.5500845
15.613343500000001
12.9056224
-11.854717800000001
8.2325174
-15.9909448
-3.5088715
-15.574054799999999
-5.4576387
-8.5083037
13.4145289
-2.5716689
18.0927671
11.245577
-18.1662915
8.7686464
12.6169694
8.3193362
-8.2473131
-9.7192118
11.015380299999999
-11.473793599999999
-3.0354919000000002
-18.4847856
13.661746299999999
16.4812913
-9.9227967
16.1754107
6.101096999999999
3.1214925
11.862134900000001
15.992025900000002
8.2911845
15.560185100000002
-16.7984664
6.6354474
-14.0590949
12.1484393
-3.7657707
16.1263084
5.607281400000001
-14.5539249
-6.5114437
-18.6405877
-1.6160123999999998
-7.9768113000000005
-2.7245434
-12.6976087
13.7785536
8.3319966
-12.474748400000001
-19.451885700000002
-2.3306103
12.304737500000002
-13.744349
-1.962981
2.9470431
-0.8290222
-6.4738914
5.1017083
-1.4061626999999999
-1.7142016
-19.6184497
-6.912219
15.163735200000001
14.685551199999999
0.8965725999999999
13.7358004
-0.3861575
4.5185137
3.9087804999999998
-15.8750333
-6.0623728
9.1157633
-11.164549
-10.526524
-7.9020497999999995
6.302964899999999
2.2615825000000003
0.3549594
-0.0841085
-0.5574282
0.6444490999999999
0.7590024
4.1740982
14.3767526
-13.600538100000001
7.5529348
7.7324003
-9.1728949
6.796569799999999
-5.2200083
3.5916834
-6.248979
15.2359311
6.150686500000001
-3.94125
-11.900173500000001
5.9653222
-11.2913785
-0.08672819999999999
4.3448883
5.7725528
-12.4848617
-11.003432499999999
-2.186636
-18.3334113
5.219589600000001
-2.2448344000000002
12.6232385
11.200024800000001
1.2064668
8.4590315
2.8807993
-6.7672051
-19.7572452
12.885217299999999
11.696471100000002
1.4368963
12.0584142
-2.3633887
1.6165387000000002
-0.8468551
-1.6569137
-7.2988155
14.662327
0.3466691
-14.0013905
-17.4016871
-6.9404086
-0.9916929
9.2541049
-18.3907299
7.1413814
-10.9328594
-6.9319277999999995
-7.9705433
-11.9164551
-6.011017399999999
14.6206194
15.7493518
-18.4584847
-16.7032008
-18.2627612
16.5280412
1.2830156
-10.9912724
-13.1060681
15.8584365
14.248755300000001
12.2574684
6.4810329
6.2455336
-5.3361578
-7.2817643
-3.0238583
0.5086297
16.3317141
12.0189835
19.4060187
-19.3275534
-0.0775146
-6.696371
-0.8336100000000001
-7.1182393
15.6460955
6.612781999999999
-16.1034485
15.4216083
10.647060699999999
-7.9520182
-7.1484168
-12.355994599999999
3.140642
1.8581398999999998
-11.854426100000001
14.5227472
-5.2668868
-1.2776646
-18.5173233
-0.9173148000000001
13.581699100000002
-13.6920059
-15.160991200000002
18.3425546
-16.6912828
-19.577145
13.678434500000002
1.4548332
0.6173791
3.9410024
0.21134630000000001
-5.471317
-5.628075300000001
12.7702484
-3.3242298
3.2262243
-16.0743315
3.8673243000000004
-2.8977009
-14.5990444
-3.0513404000000004
5.6905575
-10.8907595
-12.497970800000001
15.4808711
-7.2019763999999995
-2.9108324
-6.4225575
-0.1892387
2.4815294
14.1055017
6.401003899999999
-1.9624873
-4.6200293
18.4030224
-1.939043
-2.4258682
-1.8761212
3.7631113
-1.4018718000000001
15.4000406
-9.4472941
2.3004692
-11.5259535
-1.8838491
-14.270665300000001
10.5938124
-1.7914093
-13.5295337
-15.4920334
-12.467436499999998
11.6097585
10.1191988
-11.606332700000001
1.6676012
-2.2963964999999997
-17.127533200000002
-0.1271398
-1.9257761
-6.3012099
10.7815553
-2.5366499
5.3589879
11.5216319
18.2252674
8.5676158
3.1425846
13.3038077
2.7100155
19.6940329
-10.0781455
-6.78804
-13.9462321
-1.9282247000000001
-1.5670704
3.6918981000000004
4.345423
-2.9576504
0.35025100000000003
8.7477382
-10.55788
0.7425984
-8.7075084
-17.3654127
-6.8050809
7.349673800000001
3.3602314
-3.5208213
-10.1257117
16.5893653
-7.3373897
-2.2645996999999998
-17.421571
-6.1285557
-3.4197118
2.7907684
-5.242235399999999
15.320249200000001
11.5606328
-17.6856398
-10.9863339
-14.162930699999999
-5.3118922
-5.6117409
5.441685
-1.7755455
19.669833
14.7355792
-15.4650964
1.6545725999999998
-11.6231556
-11.3043465
18.7495613
4.7684444
15.123072299999999
2.207813
-7.5056795
-10.039829099999999
0.34582700000000005
3.6468083
12.0694567
-16.1737665
-3.5175776
4.5867648
-0.033842
-1.2025375
14.0550882
-6.2633354
-4.6515364
-10.7699085
14.1573239
16.0200727
13.1538068
11.2587377
-15.722738199999998
1.1455206
-14.0929009
13.1149041
-0.0957325
-17.5452416
-1.7115605999999999
-8.0038278
-1.0366351
8.2961024
-7.8089458
10.596714500000001
18.4281787
-1.8934083000000002
11.8190247
-0.6650463000000001
16.1355177
-7.6272168
-0.4992585
10.4161479
-0.41785629999999996
-2.9897004
-7.801714100000001
-7.5590204000000005
-15.0678634
-3.8296972
-2.1446623
-13.925096000000002
-0.7417349
-3.0619792
-0.27789549999999996
3.4503813
-5.3005324
-3.1140458
-6.1849813
13.185056
-17.7226843
17.0367667
-12.9507655
11.068180700000001
3.5509256
-5.5166231
1.0815708
-5.3398822
-17.3603823
9.0333736
-6.187054799999999
-7.425006100000001
-0.2200524
6.6069106
8.8257719
4.2370916
0.3801177
9.308855999999999
-2.6286961000000004
5.475854399999999
-17.4058828
0.8846991
5.5243412
-2.6224229
14.6781069
2.3587069
-11.337944700000001
2.4938841
13.7195876
-5.614604900000001
5.3571729
2.6645693999999995
14.618940299999998
-5.745091700000001
10.602952199999999
5.5447122
-13.9047943
8.2032291
-16.510220999999998
4.1004958
-3.9141023
3.7333197
-12.0425227
-2.2722659
-4.75113
-4.5267332
3.1262383999999996
-18.0928116
1.0447772
2.4989307
-2.0183276
11.0610305
11.8819798
-8.7527544
11.2113949
-15.7761257
10.9864169
-18.3609578
8.0726968
-9.1392897
-3.8347185
-1.59527
-11.942277999999998
13.103879
10.0194493
13.4998767
-8.5068649
-2.3603057
2.4764394
6.7454688
13.1489552
3.4222478
9.6401617
-12.896246000000001
-10.4737485
-11.045446199999999
3.4481882
16.9007502
2.4891684
-12.0243325
11.1327997
8.2826746
-16.797078799999998
12.5872305
-2.9960262
-10.2182478
-2.7217761
1.2236257000000001
-3.684131
6.2803510000000005
-4.897219600000001
-3.2286386
-8.113298
18.2612995
4.5134931
-4.1095589
10.917346299999998
-17.0432009
4.2703379
2.1706415999999997
7.547395699999999
-12.442427499999999
17.2505889
-12.874703400000001
-9.1172671
-6.748024
-3.5208339
5.380999500000001
18.4267188
1.8222279000000001
-10.7281879
4.9546816
2.8783373
13.739165100000001
-1.602271
9.9115664
-15.133929499999999
12.0285843
4.1262148000000005
-1.1686862
6.5580534
11.029389100000001
-0.3869256
-9.9673825
10.6845974
10.1429281
6.3741968
7.2622125
4.8804177
1.6803257999999999
7.6542215
-13.0262019
-14.751045999999999
-5.3602303
-14.0690834
-12.2893438
-10.5621512
5.8136218
-16.3021151
-13.2174559
-0.0451816
9.6686522
4.5993287
9.4310965
-14.1577564
-3.9877434
-0.8906508
-15.527144900000001
9.5843932
-3.2322786000000003
8.468584100000001
-10.506544100000001
9.6292349
0.5193239
9.092359199999999
4.7409935999999995
-5.9701247
12.335835199999998
0.0520329
18.6679134
0.8570685
-16.9629686
16.817107800000002
-0.19839130000000002
-0.5999976
-11.519626699999998
12.1082468
13.417392999999999
-1.2834261
7.3543066999999995
-13.371269999999999
6.6786135
18.2753629
9.4690021
13.1051945
-0.6101898
0.6459327
-6.9279735
3.3011144000000003
-12.6284063
-1.4498847000000001
-14.5439291
15.254532099999999
-7.501661400000001
5.9113202000000005
-11.4403417
7.2652598
0.7293489
-15.001364
5.8273864
17.2806073
-10.539177500000001
4.348499
-16.2573323
-9.4575852
12.536145300000001
-7.1450429
1.7996094
5.6691593000000005
-16.9891781
14.611264799999999
-3.7720722
11.4980673
7.5984445
-10.3939248
2.3148902000000002
9.5195307
9.5873886
7.5949076
-2.9139202
0.7351605999999999
8.253442
-3.0984724
-10.6554385
11.2165715
6.2762136
-3.9168032
-17.8557515
6.8925035
-15.9967652
-6.224853
-6.3856061
0.9964599
9.725866
8.7519156
12.5322847
-12.7586949
8.4715224
3.2911149
-2.7649486999999997
-2.4338785
-14.577516800000001
11.5426403
-14.0133717
5.0935804000000005
12.4401826
13.8946129
-0.7387464
-11.966842699999999
-9.641287499999999
0.9142562
-14.1718126
3.3099307
-15.1409354
-9.6452265
2.8431562
-3.2560211
-3.2312841
3.1205198999999997
7.0844797
-3.5900038999999997
-11.3900758
11.9724425
7.358998400000001
-16.4814937
-7.464071199999999
14.527928600000001
11.2877313
16.6191397
-7.246496499999999
-11.9630757
7.261421800000001
4.2010099
12.7343338
-13.710517600000001
5.2063614
2.9619068
1.6293347
-3.6349888
-9.0446645
-5.3172582
-12.7984302
18.3953914
14.651838499999998
11.1218644
-13.727417800000001
0.393635
-10.7726803
-4.233573600000001
10.1130407
-5.302512699999999
-12.1261365
-3.1468356999999996
-5.4436697
-3.5144373
-3.4214193999999996
18.1512347
10.0434386
10.8147541
-7.0860514
-8.5673686
5.1469515999999995
13.3302554
7.0611329000000005
15.1338428
-10.0438899
3.7271104000000004
-13.430269800000001
-7.666237499999999
7.2028718000000005
-7.0041943
5.8937255
-13.3064733
0.755972
-8.7153385
11.5938947
-9.9901759
-12.5122946
-4.0659101
10.561854499999999
-13.938135500000001
-17.1160591
4.5378629
-5.580641399999999
-14.2831215
-4.2341318
-0.7418514
1.8730106
17.4837736
-7.963317399999999
18.779959599999998
-9.7073565
4.6695031
-0.32224559999999997
-15.6030872
14.497038
-7.1869502
14.7466506
18.982756600000002
-16.743633
-11.5240824
11.969611399999998
-9.0917656
4.8889076
-15.049529600000001
0.48356319999999997
9.6334748
15.8611725
2.1070583
-0.6202169
-18.593584699999997
4.5245512
-14.309897900000001
14.320489199999999
16.251812700000002
0.8379736
-2.6297221000000004
-16.1344031
-9.3754928
5.346964000000001
-6.6882394
-6.463510199999999
-9.505005599999999
1.2042232
16.1605597
4.9418693000000005
5.482427599999999
-17.5114017
1.5900962
18.7107414
-1.5827134
16.5513883
19.594518700000002
-0.10736520000000001
12.9979035
-4.8604449
13.5839375
-3.3595444
-15.2190348
4.5504816
-18.3704569
13.077815399999999
-12.5688362
10.4009076
4.0938272
14.001212599999999
-15.511356900000001
13.581324799999999
-0.43774009999999997
-1.69238
-4.8720987000000004
-4.4163738
3.9131243999999996
-3.531069
-14.183203599999999
-5.9625548
-7.723995599999999
0.4528396
11.2568508
-8.4984761
-18.1948585
-14.5017371
-6.5921599
15.4137471
-14.0788783
-13.3461872
9.6569723
1.4871225000000001
-0.031622
-2.4002448000000003
4.3433866
-13.398581799999999
4.5678994
5.2163691
-14.3897768
-1.4007538
-18.3021917
-8.3428327
7.8352107
7.5054409
-9.8316036
-2.9616241000000003
-18.542999
-4.6166002
9.5252642
5.4944155
3.0394339
-3.7724284999999997
10.0910274
15.928049000000001
-2.9246514
-0.3007087
3.2515486
6.8106777
-10.5509517
-4.1617630000000005
11.0911258
6.9385619
9.426123
-17.0879193
11.035090700000001
-6.1963078
11.135349000000001
10.3717464
-4.285057699999999
19.260667
-1.3654641
-6.2876235
10.792717099999999
-2.6352087
15.5549666
12.0508672
-11.923364
-13.0640975
-9.9906902
-3.316206
0.1982695
3.9200828000000003
-5.7339799000000005
-18.8730006
3.4648127
-3.7061468000000004
18.5343001
6.366972
16.6082681
6.627027399999999
8.559046200000001
-9.631798400000001
-8.7208004
7.4625840000000006
10.3578759
-6.158452
-3.6725222000000004
-2.5964729
8.6928652
17.6342219
-9.733842
17.4814768
7.8895619
-3.2266945
0.0400382
-14.8758575
-2.0697867
-4.2343768
-14.328128200000002
3.1500277
-8.2601926
9.0538932
-4.2573867000000005
1.1151556999999999
13.5660749
10.3957081
-14.488326500000001
-1.5891503
14.599402399999999
-1.4271688
17.4380494
6.228038000000001
1.6170144
4.8832033
-4.9891834
0.9396290999999999
5.8597951
-8.1429964
-0.4790688
3.8029165000000003
15.7865903
2.9580243999999998
-2.1962992
-16.2955529
1.5190142
9.208212
-2.9034557999999997
-2.0502945
1.8790364
-6.1669919
11.699464800000001
7.0210488
16.048174
-0.2588205
1.7897363999999998
6.621338
2.0459554
7.255596399999999
1.7155744999999998
-13.262984300000001
-3.1254532999999998
-10.9597324
6.9679165
-0.9138669
-6.3639995
-14.1796039
-17.227509299999998
-9.2244563
1.7121256
12.246603299999999
11.008844999999999
-8.751146
5.865037999999999
3.4688063
4.0309023
-10.9212086
12.554701999999999
-7.6041708
13.1669276
18.5531658
2.1774627
-3.5507236
17.689978699999998
11.343340399999999
-0.5992793000000001
10.0914599
2.6566780999999997
3.8187176
-10.787719099999999
10.6214148
0.7595968000000001
1.882289
-6.7745879
-13.8754121
-14.365472299999999
15.690372400000001
-10.9755382
-17.3033396
-8.1077961
-2.3797733
-7.3551327
-12.7188929
-2.6380783
-1.2094985
10.7913357
-3.5817527
7.110481200000001
8.5157753
-0.130518
1.609734
-3.0882291
-7.717475100000001
14.6478153
10.7978972
3.9221535999999997
-19.45301
-3.9121188
18.2979796
-0.7331209
-7.8963125000000005
-9.638772699999999
-8.1980062
-1.6844163
17.1307595
0.5716051
13.082141
-14.0168722
-11.6483735
9.3645
6.4177995999999995
1.4056217000000002
4.975233
-13.6837803
10.6010982
-16.154066
19.1435347
-6.5444214
-4.6656262
-5.4342254
15.497945999999999
-3.0137022
-4.4266274
-11.0600374
-2.7010509000000003
-10.3752181
18.2153807
4.6610849000000005
-10.7355205
-3.9668834
1.8475027
-0.2092971
-7.8045997
19.6857524
-17.167363299999998
-16.734495199999998
2.1805953
12.2318615
0.5966124
16.1969263
19.3817844
-2.598634
0.1178653
11.842956099999999
-12.8671073
2.0868217000000002
3.6583627
-10.6452819
2.1751215
-11.6684394
-1.7031134
0.2229957
1.1311914
14.5445405
-14.9430869
-5.4470803
-10.0055874
1.3609228999999998
-2.8734829000000004
-9.8939948
-15.9942356
15.126774000000001
16.9181601
9.891214
-7.804306
-14.5561527
1.2800300999999998
-17.1803299
-8.5047166
9.749057
-6.2015583
19.6060132
-15.4519984
-1.0499425
5.0302303
10.447151100000001
1.6852384
7.5500226
-0.6747273
6.439916500000001
-10.3845215
-11.3251529
8.5264079
-15.9049756
12.646481900000001
7.1710972
12.875159900000002
-12.9763662
1.5387157999999999
19.312522100000002
8.6501265
1.5071166
9.5932172
5.760688
5.6230894000000005
-1.9095053
14.638252999999999
11.084313
-12.7038399
11.5896948
9.5157947
0.8188148
11.2939593
4.6887301
14.2352968
17.4846818
-7.112626000000001
-10.7424848
2.7903938
15.0900398
-9.326011600000001
12.3384677
17.734223099999998
15.230511
4.1905393
8.2919664
0.8586370999999999
-10.137531599999999
-10.9535563
10.5641651
-1.1466551
-1.2049412
9.1681158
5.1244593
-8.996311500000001
-9.0703438
-4.8302803999999995
-9.7610776
19.4330104
16.1718337
-11.985357100000002
-6.2498737
-18.694820500000002
1.634871
-5.0947987
-3.5572748
11.8083
14.707251699999999
-10.952569
-2.7349055
-12.1064016
-7.4461052
8.7667681
-3.9242999
-4.4411407
9.6126081
-9.0809199
-13.3063406
-6.8736540999999995
-12.9912013
17.868514700000002
7.7698681
-0.3486511
-13.5731594
-11.5669545
-2.6929201000000003
-11.4857282
-5.4758134
12.669603799999999
-13.6945977
-13.2577354
14.072859900000001
1.6400571
8.2845506
-12.897392
8.0015347
-9.8498125
2.4461507
-11.7785606
12.9165836
-15.3309455
8.7625093
-2.3700985
7.8242579999999995
0.4700714
-18.319896
-2.5540669
-14.1491933
-3.1131575
3.6612049
10.2584601
-5.8811113
-2.4814551
3.9178034000000004
-7.6690944000000005
-14.9966671
2.2880586
5.281178
8.4083369
-1.3158409
7.9528666999999995
9.4583417
-16.8009369
17.606506500000002
-8.1681658
5.2637838
5.2169065
-7.823709099999999
5.2792585
-12.9190554
5.3593359
-6.0914928999999995
18.423716300000002
16.389447099999998
12.3174223
-3.601055
5.922795499999999
-13.8778625
12.76529
5.0976605
-3.5414495
-15.9186754
1.4337014
12.9821179
-9.8133891
14.316975500000002
14.982548099999999
8.5890735
17.7436894
-16.484025799999998
-1.002061
3.9465465999999996
5.986168
2.8765387
-11.4004347
-0.26024539999999996
-14.3947951
-8.6367056
11.0497358
6.4542656
-13.2944613
-9.8052484
17.0497676
-14.9442423
8.8334524
-9.1985717
14.880892699999999
13.9675686
-6.947489000000001
-2.4373587
-1.694108
-14.6872679
12.819797699999999
-11.104210499999999
-5.3569875
11.3558319
-13.2856903
-13.213659999999999
-3.0068903999999996
-6.100771600000001
-18.1128051
-10.1219216
-5.7900904
15.448267399999999
6.1751481
9.1519625
-4.9281306
-17.483245099999998
-9.5066873
5.3052271
6.8745937
14.1842062
-11.8656772
-2.2746821
-6.538608
15.5139122
-0.2514011
-17.0241113
7.2121355000000005
16.759539
15.265846799999998
-9.9760358
6.7091477
-11.3340204
-5.0717406
-9.204162199999999
5.8008438
16.3556858
-3.379418
16.7598837
3.2189423
-5.984578299999999
2.8240267
-0.632789
7.6679981999999995
-1.0462827
-16.821168500000002
-8.548976699999999
-6.3972999
3.5111122
7.8364256
-2.7239859
-5.1641016
9.5031973
10.5105648
18.3864145
9.7429743
-14.3479879
10.999649300000002
-16.0809332
-13.0077189
0.3914725
7.9311775
-8.4323526
-18.5782501
10.0359723
12.2999001
3.5863069000000003
-9.69046
7.0638884
-15.5080079
6.6319892000000005
15.4667373
-4.1694678
1.8478983
18.7882734
4.4166972
-2.8010965
-0.0233932
12.9862972
18.9832488
-13.0575845
0.7098282
-15.8288597
13.501320100000001
-2.0857821999999997
12.1890423
10.279683299999999
-0.2045298
14.683012000000002
-18.569772
-6.6574943
-0.4269535
-0.6218927999999999
4.2912197
-9.134162400000001
14.2731288
3.3869401
14.1363556
5.1445593
14.0747403
4.7602026
14.7379146
18.1286538
-3.108565
10.95805
-0.844221
-3.7869502
5.9634397
-12.6419357
4.4615856
3.4812038999999997
-5.4484569
6.379997499999999
-7.1398426
-1.2747092
3.9885869
-16.7608481
-13.796914
15.796195399999998
8.6088211
-2.6997197999999996
1.6982906
8.7560674
5.4334428
12.4898547
8.0695614
3.1951321000000004
1.8686004
16.1067604
-8.6585122
7.4231981
-17.4002875
-10.7588273
1.4067911000000002
10.6089772
16.754236900000002
-12.073049000000001
-12.8546912
-2.6224356999999996
-3.0127179
-9.3012158
7.8576125999999995
-9.2624201
7.8231651
-8.4456984
11.716407799999999
4.6844288999999995
11.5024892
13.961727000000002
-2.5241133
-3.0957985000000003
7.812668700000001
2.2394655
12.006457399999999
-13.9491763
-10.097962599999999
9.8269606
10.919980299999999
1.9648365
11.723248100000001
-15.270027500000001
5.2596637
7.444566200000001
-4.1373143
-8.4667308
-15.070597499999998
4.0638947000000005
1.6739715000000002
5.524812600000001
11.3370319
2.9855065
16.7434158
11.047447400000001
2.4709213
7.8072336
11.0236569
0.38255249999999996
4.9191531
4.3646739000000006
8.4874876
19.014259300000003
-11.033888099999999
12.2029143
-1.0570743
-2.3049017000000003
15.4329708
-10.3549863
19.232009700000003
12.5975516
-5.687454300000001
6.8806745000000005
17.139143400000002
1.3907101
-6.797763499999999
11.0172097
-8.1834606
5.8951397
0.8929309000000001
-3.2697163000000002
-11.824589699999999
17.8118251
15.941636599999999
-0.6011383
10.071276000000001
4.0273699
-8.6726007
4.7568963
-18.8633841
17.685966699999998
10.820402
-11.260627199999998
-0.942854
2.7316034
-5.3693559
3.1695891
4.4883578
-18.1853708
8.2667493
-5.2109552
14.0219706
-0.9241584
13.5195199
1.6104196
14.6490524
5.1107543
0.9335997
0.888956
9.4715386
11.544484
-13.313816999999998
1.1373514
-17.6942431
10.268580199999999
-10.5586503
8.1039709
17.0005075
14.415510300000001
-18.041358499999998
0.6496036
5.9798188
-14.5908234
2.7719139
-7.533632300000001
-9.3848574
8.0253821
-15.9462467
-17.7029907
11.517587
-15.2490303
7.2552297999999995
-17.3999793
0.46887949999999995
8.1328282
10.4160311
8.7564214
-2.9836622999999998
-17.776944
16.5477897
-8.4613361
-16.2979134
-12.6854419
5.1837028
-4.9364904
18.709746600000003
-0.20177209999999998
8.8611965
-7.2345994
0.8814217
7.5170029
-11.8233061
-6.7944529
16.298925
-13.9503187
-16.5611054
10.0981272
-11.881102499999999
-11.2697722
17.1728423
-4.1164312
-4.359174100000001
-11.7950083
3.6671266000000005
-10.7160823
-4.5918601
-7.4078875
0.41376399999999997
10.9724264
-4.3214128
-4.8297489
-4.0681009
16.22569
-3.3587187999999997
1.3748627
-8.5166951
3.1421729
-3.4945441
4.2515749
-2.2855350000000003
17.6187881
12.090292199999999
10.7440888
11.6751098
16.1572247
2.064638
11.5230709
4.8056389
-5.9423712
2.1513444
-5.1401886
7.6335869
8.9916714
10.427563
1.9540321
3.3150563
-1.5769048
-0.6106271
0.09528589999999999
0.6006441
9.2315845
4.7377591
-3.1743808000000002
14.565347
-17.1178697
-10.256457600000001
-0.3678169
14.897979399999999
2.9854635000000003
-10.6664878
-8.7855857
5.9239939
7.209410500000001
-1.868158
7.4911514
17.6574163
-10.6136446
-3.6477357
-10.0100766
-10.2650505
3.3781391000000003
9.8503205
-11.246489200000001
-13.7715141
-6.0158587
0.8182731
6.0886857
5.352346300000001
3.756367
8.7586906
10.996592900000001
11.0129566
7.7615504
-2.2992312
-12.5784901
-1.6807144
-3.874475
-9.6463967
3.9946713
-11.054758200000002
17.0164441
14.3888919
-19.1052807
11.351581699999999
18.8223106
13.041326300000001
7.3846745
