-11.2459592
15.8518446
-17.0476991
15.671829299999999
14.8428771
5.0485116
14.641359399999999
14.3035863
5.7921017
10.500789500000002
12.2039157
7.2644981
-5.399149700000001
13.1922693
-12.2798685
-9.9137985
-3.9311757999999997
-4.207637
0.9590032
0.056242799999999996
4.272181
-13.089303899999999
-6.1974357
-13.4751409
15.2291736
17.362036800000002
15.3949926
2.9107099
11.6376622
-0.46194470000000004
12.894509900000001
-9.2760078
-2.3991314
12.7932932
-13.580198600000001
11.592813799999998
-7.8506245
-10.5143317
16.1595694
1.1636645
-6.6029148
-10.640903100000001
12.85802
13.0801862
-1.3102985
-6.897036900000001
-7.0204808000000005
15.0947666
4.374236
6.0698550000000004
-4.3368505
-1.7865218999999999
-4.4504397
1.6071633
-19.013636899999998
-1.8475994
-0.3731277
-18.1557743
-12.6706869
-12.6601537
-11.626620800000001
17.9619813
-11.2112594
-0.9967695999999999
0.30128900000000003
-14.818761
7.7436287
-13.002567599999999
-3.5163042
2.7977494000000003
-14.423057100000001
-0.9442552999999999
3.0388991
-8.1912687
19.9360569
-7.8738777
18.0967252
18.8825542
-17.7174254
13.377639899999998
17.8925863
-19.065434800000002
-2.9767446
2.5335398000000002
-6.7857686
-6.052061999999999
-12.3587699
-3.9374397
17.2189049
16.7521989
-19.5567895
13.205116199999999
5.6465581
10.5180374
-8.1888702
8.495420000000001
15.2961365
11.711117
15.4204167
-12.825449200000001
1.6987618
-12.9374428
-14.5463521
12.231864100000001
15.3508619
-3.3765472
-18.8141994
-4.4979097999999995
-1.2497598
-15.678747699999999
9.5630845
17.1248051
-14.618040800000001
-14.2165813
9.3132504
-13.829912400000001
5.3269598
-13.6547693
2.7648601000000004
-16.2140123
19.0052799
3.3528239
14.2190046
6.7286242000000005
11.4764508
-2.4902015
5.9982038
18.513997099999997
-12.2349559
17.8760913
-3.9973426
16.854166199999998
-2.5863519000000004
-8.487172399999999
-5.1165174
18.688256
-18.325186000000002
-16.1837372
-18.505844
-6.6721218
-6.8146532
-15.7638836
-8.6269942
11.6188563
4.2870968
-9.6718559
18.1136563
14.258451299999999
9.5937916
3.890952
10.249326799999999
0.0731483
-0.1310147
-16.435349900000002
-2.0661696000000003
12.9371824
4.4400783
-18.4766342
2.2316041
-11.049262
9.426031400000001
18.4123019
-11.6999104
-15.9721089
19.244932
12.2932752
1.9492071000000002
-10.0083338
-5.8876274
10.2950977
-10.1994732
4.4865644
19.724805200000002
2.8584883000000003
-12.5003133
-0.9418702999999999
-1.8395956
-6.1198221
10.8702075
-19.2443962
18.5714621
8.1647136
-9.0203405
16.4144983
-4.4247615
16.2665931
0.8830228999999999
-6.0786251
8.979000899999999
-11.210032799999999
-6.5392723
6.9041195
-17.0322466
9.1655776
-7.3354693
-2.8699997
2.0564092
-8.1813544
17.5100682
-0.7368483
10.8446813
-2.3924784
19.7793878
-11.1874355
18.3849423
-6.5083337
14.5656577
2.6774245000000003
-5.3629653
2.930523
2.5113501
-8.3451818
10.691560099999998
11.7272787
-16.3813941
-4.769049
6.6312275
7.7930082
-19.0913912
8.730128
19.179779699999997
-7.3486156000000005
12.9535931
12.586466399999999
-0.1903941
3.8455074000000002
19.5042054
-3.2336465
4.731705799999999
3.7688184000000002
18.4734746
-2.3129021
7.885627500000001
9.187328599999999
-16.8668766
1.5318299
8.3974123
-5.6297336
2.4194124
17.8079857
-4.1884836000000005
-1.6343
-8.8541119
4.4838309
9.619665
-13.224215999999998
-6.940169
10.8130467
-12.1797476
-1.0783259
1.1794524
16.713339599999998
6.6132752
1.3124700999999999
-8.4915253
-4.9084456
2.4140266
7.7011647000000005
19.4319306
-14.291644100000001
15.4283923
5.3589633
-13.4753907
-2.9710802000000003
9.075047
9.5692633
-7.3200293
-14.400205699999999
1.6266954
2.4365142
-9.7051829
-3.8696181999999997
14.4183578
-1.2699512
-14.1624856
3.3234054
-19.3661696
-12.9987618
15.7650808
-13.838922
-9.7615756
-6.1407985
10.1863406
-18.8265144
10.1405833
-15.912238400000001
-18.1251334
4.3837483
-7.7876016
-14.558663
-19.6734796
7.3545853999999995
10.829188799999999
11.425838599999999
11.0117098
-1.2058522
-17.1791602
0.8455402
0.5639809
-0.22003920000000002
13.406030399999999
-4.1646854
2.6149963
8.1451031
-1.2732526
-14.5579135
9.1561243
-19.0932384
8.3164363
11.049490200000001
15.7066893
15.7394123
-18.3226759
11.9468266
17.8883674
4.6964611000000005
-2.3037429
-2.237699
5.7528673
6.4741985
-3.8705212999999996
10.3389212
14.702495899999999
5.8720644
2.4628484
-2.4165514999999997
8.052171
-15.0738682
-8.32231
12.6017058
6.0842012
-17.7267946
16.2863585
-16.1333887
16.2210449
-18.9169416
-19.5406655
0.5977971
-13.6471337
12.7286681
-12.2924901
-18.8411507
19.9669271
-17.1347985
-12.8220884
-9.5750567
4.3713006000000005
-1.2834184
11.2907371
-0.1557672
-1.451333
8.0435942
-5.7776597
-17.8712701
17.3198498
6.067906400000001
-8.5253687
-17.4043594
-10.1376135
17.2350775
-0.1716047
-3.4706213000000004
-16.1884851
4.5169462
-4.2297981
11.8471872
3.2669932
12.501069
17.5020698
-7.3021288
7.9551865
18.752861199999998
18.461327100000002
-18.5350389
-11.237707
2.532114
-17.5294543
-15.060427500000001
-0.6403177999999999
-5.314915600000001
7.8630274
19.6790555
-9.6335508
2.0445218
0.6088434
5.533004200000001
0.0130225
-3.1788923
-13.805811100000001
19.073882
-7.746807
2.4095223
-2.9953295000000004
9.3751219
3.7216221000000003
-14.279551300000001
0.5225119
-17.688773
-11.672165600000001
5.3355223
11.6481673
19.5180298
14.9382572
1.4149281
-3.0836584
-13.384240400000001
7.905389199999999
19.8908009
-12.8826497
2.7380835
19.352037600000003
14.2471734
-17.2954227
-13.4271348
-17.1711604
-12.3183448
15.9316163
-13.1608184
-11.036803299999999
-18.3055372
18.074772199999998
-16.7727976
-8.219256
9.2274624
3.9415953999999997
6.9232104
-1.2705308
-12.6500037
-9.4983172
-3.9837524
4.2824228
4.6213176
4.2688117
-16.345865200000002
-0.9887509
-17.0982235
-9.9893262
-8.7410481
10.0395179
8.1464849
1.1101478
-11.7019713
-8.0603759
6.9628286
-12.5400907
0.8568863
17.360559900000002
-2.8408999
-12.926827800000002
-12.274664
-0.34793149999999995
-7.3698048
16.0779544
12.480469900000001
-10.0968173
7.7214667
13.0980013
18.4935102
0.38605890000000004
1.1062354
17.49016
14.8789149
-18.963498
-4.5922279
3.2173854
3.6562235
16.6578533
4.1409215
16.2868874
16.0217801
-1.2876484
8.2306165
-9.9814478
17.3144566
-11.4141778
4.8822375
-11.997085400000001
-17.5030863
-6.0252383
13.330617400000001
-18.236177
-3.8077528999999997
1.1244247
-6.3082461
-11.644132500000001
-19.016053
2.8973578
10.711606
10.4066694
-3.1417719
-17.4089758
-13.7656284
7.6750683
-14.064579100000001
4.6737872
-2.6239989
-0.4186282
11.0945015
-15.459211600000001
3.1475483000000004
-11.9280167
-5.1433551
-7.7659997
-8.8830729
-11.8101939
-7.5409815
6.0912595
16.8424692
-2.2775111999999997
7.5120209
4.4432618999999995
-7.0210804
-2.5738548
12.6127964
15.8733644
16.8800352
5.8762937
7.6307582
-16.216484599999998
-14.604654499999999
-14.0140486
-7.8377346999999995
17.436375599999998
7.7354614
-17.6960038
15.0771363
-14.443171099999999
-0.2133685
-19.8967047
7.6536636
18.084025099999998
5.6874257
-12.9872328
-11.7285643
-2.9097459
-0.5497175
-5.7327710000000005
18.2559608
0.5881616000000001
-18.8153373
17.0055686
-17.025505499999998
1.5250861
-2.5290515
-1.9029467
-9.9462094
-7.2383254
8.4442962
4.695155
8.0361839
18.155878
-9.4556205
14.178564699999999
-6.1250297
-2.3123472
-14.3150359
-4.0646785
6.2678197
18.0800862
9.9002231
15.3516062
-1.7436114
-10.2818452
-9.8936711
10.3712438
-7.4816664
18.8363789
-8.485168
-14.9800097
-9.6920091
-14.808286800000001
4.6505303
-8.449962900000001
-9.7219439
-17.5108369
7.5157877
-17.7644955
4.6332988
-11.8496875
-17.8328724
5.4222396
-3.62935
16.3348415
4.946376
-12.5062852
10.4260468
-3.3767142000000003
11.0416399
-19.0498483
-12.775738899999999
-9.9208944
3.6192501
5.7666276000000005
11.9817246
-12.464892500000001
10.3548773
0.5518558
-0.8081298
-15.053967700000001
-2.1931323000000003
17.755288399999998
7.1478817
-2.5440278000000003
-8.7726673
14.805565999999999
12.8988067
1.3494198
18.9589211
-16.0062528
-10.6756754
-18.8199125
16.5544768
3.2847169000000003
10.8267636
-5.0084776
12.4405798
9.3480448
1.6184110999999999
-9.291317
-14.7017112
-3.5302848
-3.4628932
18.2903668
-13.423477600000002
-8.0285362
7.3492489
1.1805636
-8.037347200000001
1.0733561
-10.109738499999999
19.8801361
19.5138922
-4.079099299999999
14.8179217
-16.5230192
-19.2910689
0.23393170000000002
12.139237000000001
-6.471409700000001
6.1046288
-12.0048193
-19.5972224
1.9813872000000001
14.7586933
-14.8027806
6.211802199999999
12.274899499999998
12.7676786
-1.5088943000000001
16.3770968
-6.889990299999999
-15.367805
-7.5868294
-1.5912931000000001
-10.9766292
8.981257399999999
19.2588774
18.695621799999998
7.4644430999999996
-13.9935818
6.5440463
-2.7737401
-12.475680500000001
-7.576263
-14.0143198
11.545590299999999
11.9981113
-9.6066564
-6.9950537
11.9910693
5.7837828
13.4363337
-1.4121648
13.5655942
12.0938761
-2.2123616999999998
-15.5217876
17.5036259
-2.7965737
10.4102926
-8.882410700000001
-19.2176396
19.7931411
-0.7064136000000001
6.6743725
-14.0646286
14.669397400000001
-3.3916609999999996
7.8543029
-0.878062
16.991934
6.8429071
17.0608051
11.079722400000001
2.1335322
-3.368067
1.3751193000000002
-17.061129100000002
19.1510608
15.9752584
12.466270199999999
8.0845537
17.7073206
5.8166055
14.2427869
7.0505908
-11.929915800000002
-5.7738716
-3.026862
-19.989866199999998
11.3753697
-10.312137499999999
-19.0569533
14.1564127
18.7647386
-8.079413500000001
-8.4581212
12.1529545
6.5693852
-3.0614553
15.5066225
-19.8244065
3.8459722
11.064620600000001
-17.5101391
16.7331459
9.5917296
-9.0640009
11.5199117
-9.1048814
-13.7812314
-7.0769578
4.6508472
10.6646237
1.6984111
-8.2937281
13.5556646
-13.3357131
3.0542682
0.5045244
1.5007816
-4.6908892
-0.8690647
18.108853999999997
-13.826989300000001
8.2228064
-6.5317917
4.0505624000000005
8.0086425
-19.245024
11.0791462
18.3868116
18.6349699
19.2987583
12.0375945
18.953168
18.833896
15.230534299999999
-19.8792978
-0.0706751
-11.3716103
16.1012743
-5.1299967
15.576122600000001
-4.0086146000000005
-1.6301723000000001
6.7962181
15.274117100000002
14.8541467
6.470676600000001
9.3490575
14.4877008
-4.9297053
0.8054962999999999
-2.9498911
7.4869330000000005
3.7264638000000003
-16.136476299999998
-6.5662463
12.3009812
13.9364399
-4.1014018
-15.6586677
-10.1399248
1.5537699
7.1800053
3.3860123
5.4422619999999995
6.489276200000001
-16.6116653
6.5091616
12.6810975
0.081992
-6.5077521
-14.5357135
10.6131991
10.9871961
-6.5442275
1.0219947999999999
9.5699501
-3.0104197
5.8979925
-14.1976883
7.3048527000000005
9.7516612
-10.643515299999999
-1.9401572999999999
-17.4666633
-2.776107
0.0019758
7.1493382
-13.6910232
10.9678745
-0.8939402
2.3184598
-19.7763527
19.4970007
-13.1247813
-18.4248239
-1.1267685
-13.3736006
-16.472206200000002
14.630638699999999
-8.6917639
-17.6233737
-10.334800399999999
-1.9344913
14.990695800000001
-4.0455038000000005
2.2126001
19.0449068
-6.6983496
12.313333700000001
10.6609373
6.749548999999999
7.153382400000001
-2.1141677999999997
11.7515056
1.3096144
-5.9684308999999995
-8.9196463
15.6925097
6.6556394
-13.974486899999999
-4.5106395
-12.3123604
8.3321495
18.289293
-7.8877557000000005
-19.483865599999998
4.9421897999999995
5.4374924
-8.7012981
8.7847913
-18.967575200000002
-12.414904400000001
-12.569234799999998
3.5833165000000005
11.8380753
-10.5928017
-12.6399442
10.502591399999998
16.390244
-9.574369299999999
10.8423528
-16.003468
-8.6654845
-5.542419
9.0679372
19.639149500000002
9.5122277
15.6350864
4.6882597
-16.832356700000002
-6.7021383000000005
-1.9830629
-16.402687
-8.7872042
-6.0191383
13.018906199999998
-14.1965472
12.973822199999999
-1.208981
-9.322321899999999
-15.445133499999999
-13.0449783
-11.7669551
-18.012056
12.2414779
-6.1891954
-3.0431207999999996
2.3459119999999998
-1.3837889
-15.413474599999999
17.422988
-10.7260007
5.4423472
-17.5935499
7.0031002
-16.4128177
-11.3614842
6.8461874
0.7484748
-19.8374724
-13.7792887
-19.755107499999998
-13.8029593
1.4607529
-4.3837657000000005
14.332123
-16.6965294
5.316131800000001
12.3250059
9.2173226
-7.670026
-15.5922567
7.5418194000000005
-16.4974376
11.1096893
7.4187548
14.6457741
-14.4912734
9.7638107
-7.7117683
-3.8604055
10.4347945
-7.9442015
-0.9382980000000001
-17.854095
-6.8292062
16.757211299999998
-14.417504
-4.1051907
-11.516521299999999
-13.979797699999999
13.1185082
12.0071648
1.8153484
-3.8642131
1.7207567
-3.7142952000000005
0.6338604
-5.237122299999999
-14.0800252
5.2296019000000005
-8.1693921
13.866364599999999
10.0229638
-15.4172208
-4.1540843
-14.914981299999999
6.8977201
-11.7261078
1.6197614999999999
5.3978198
0.16264230000000002
11.5496
-1.9611872
-2.0020903000000003
-14.730178800000001
7.5860811
-3.1251058
12.074557500000001
17.4567181
17.8649537
18.5088512
-13.776801800000001
-19.1364354
-17.7395824
-10.404122899999999
7.8304779
15.629992199999998
-7.922893
6.7704632
-1.8651258999999998
-19.2632051
-7.615198
8.6211585
-6.4470966999999995
-4.043651
-17.5996472
-2.2394318
8.6449976
4.3780008
-0.38344540000000005
-10.3724015
0.3760833
-2.9193955999999996
-12.5686735
6.5050555
10.1526792
-7.0058104000000005
-17.2910364
-4.1770099
-10.2756357
-19.6864085
7.371322
16.0393598
-15.6013199
16.9301911
-1.3162981999999999
-2.8075199
-16.4322436
12.032862999999999
12.1206698
13.2844163
-18.4523975
7.968397200000001
-16.1093458
7.5484172
19.0237154
-11.418198199999999
-5.3270082
-2.3815321
-19.4369153
-3.2148912000000003
1.6069596000000002
12.492307
-14.9520467
15.013923299999998
-7.5962134
9.8489675
15.030637500000001
16.3553975
8.8945566
1.4758514
-7.4336825
6.7155588
14.5986087
-3.7573315000000003
-0.5582694
19.362394300000002
-0.8378962
-7.4381059
10.2245878
-16.5076409
-15.767311999999999
6.0091665999999995
11.696682299999999
-11.8325095
12.240980500000001
-4.2791628
2.4338522
9.494465400000001
-5.1393106
9.414455199999999
18.3360015
9.8970205
3.3450040000000003
9.3893776
4.0784601
6.5685301
10.9504348
-2.5963963999999997
-10.904870699999998
-4.6572626
7.7576788
-11.0141122
-16.3200883
14.3396792
7.2571452
-12.704982600000001
-6.181972399999999
2.6041656
-2.9547613
-14.125384500000001
-0.8796377
-13.5919634
11.6607086
-2.2257134
-6.0484889
19.2637637
-7.9443148
-6.7701042
15.622877
2.3717403
-5.6975681
5.500868799999999
17.327899600000002
-11.814938
16.1067705
-0.5722352
7.1707128
4.213107099999999
-0.6880044
4.1390803
-19.3619832
-6.7819222
-3.1488681
-9.215849799999999
19.8024942
1.4571058
6.0164519
9.5949968
-9.7097972
16.063191
19.6436873
19.662181399999998
-5.594592199999999
3.6978132
15.612076199999999
-17.8366633
-4.2847078
-16.5610627
-2.6322859
18.2227547
15.990345999999999
-16.524128700000002
-19.0928471
-6.0952787
11.2722884
8.4459423
17.3136518
17.9630859
-19.3903779
15.800525500000001
-5.8282129
-18.4199132
-12.9236128
-19.2663287
5.1744812
-8.0203506
17.107897599999998
-0.4192704
-18.810298
-7.3973307
6.6627273
18.508699
11.475530599999999
-11.902697100000001
10.3073947
13.012042300000001
-0.040307
17.4156603
-4.4147718
-1.8096240000000001
4.2895937
-9.7998856
-7.5474992
6.6960877000000005
-4.8333115
19.5497106
-5.1737342
8.2107783
1.4370031
3.0298385000000003
-11.2803503
8.1320246
14.175216299999999
17.3495454
-10.819359799999999
-14.2872413
19.4874904
12.5223385
15.5396993
19.001183
-4.777193899999999
10.7234943
-1.8815689
-17.935027
14.8241898
12.2106693
10.0964746
-2.6243689
18.1692472
-12.7843372
15.0509597
7.5676981
10.5094548
-9.3264993
0.3920787
-18.9478546
-15.4352493
17.0976533
-13.985147099999999
12.433850999999999
2.0960115999999998
-11.219999399999999
-3.2089231000000003
-3.482851
10.3541982
-13.798699200000001
-8.7377862
-18.4052622
-3.4817356
-2.0697919
-17.716960999999998
1.3315082
14.5476728
3.4988642
-1.9718425
2.4928265
11.7673806
-13.5858962
-18.7280254
-9.5587901
10.701873599999999
-17.2324523
3.116656
4.8968603
-5.1554476
-1.9061898
19.980994
-16.3653809
8.9568122
7.3441791
-13.567505
-12.6529245
0.09591620000000001
-4.5646732
4.9131764
8.0324826
0.8826446
15.2522956
-4.5613959
5.0476538
2.4948862
-10.889154900000001
13.886624099999999
-7.2596691
3.4040204999999997
-7.1047405
-15.2638923
8.5326967
16.0314821
14.330797
-13.803653200000001
9.869808299999999
-5.637388
-14.353413100000001
-18.614080100000002
-8.402369499999999
17.5381514
-11.299614400000001
-9.6202343
1.0085655
6.987659099999999
-7.4360229
-18.2599258
-13.670092
-12.8750369
17.9104362
-15.555635299999999
9.7434552
-10.852070699999999
-15.2532563
3.1527906999999997
17.3581233
-2.3778007
4.2181802
7.206828400000001
-4.4804691000000005
-18.8462505
-17.4689552
-9.0370051
5.413222500000001
-2.5193489
5.787650200000001
12.070760600000002
9.1444843
8.6496368
7.785974200000001
-10.8795462
10.358486000000001
17.6013302
7.3840886
-18.1529666
-16.249312500000002
8.9045176
-13.4969354
-19.4207692
19.0147892
-19.829234
-16.152678
10.0725732
18.642918899999998
9.2038397
-4.3580331999999995
-19.8647027
-8.189046600000001
-8.4946856
5.521607800000001
-8.9429619
3.1785315
-15.2027775
13.9507204
-9.6625418
-11.930200899999999
17.2758531
-9.5845291
0.5668115
12.301538
-7.8401918
-1.5817462
-10.5520622
-3.5629247
-11.746450600000001
-16.218941
-16.4991853
4.0679359
-9.5535245
19.7405586
-12.3083242
-13.3431675
-17.4589553
12.614275399999999
18.4435194
3.5978492
3.1674784
-12.2458194
-3.316448
7.9571618
10.057144
-9.8215199
-13.186931199999998
12.0838643
14.415464300000002
12.9029084
-7.388292
-11.6373765
12.1942327
-7.5673104
-13.8105561
-4.6418038
10.0894263
-17.2012249
-16.0713051
15.292140400000001
12.3417279
11.9297869
11.962513699999999
-2.5276184
-10.459812999999999
16.0327701
13.7947024
-13.1050989
-6.6777088000000004
-4.3637013
1.4768485999999998
-3.9114972999999997
-17.7387409
-7.0891111
-4.3597647
-5.0770153
-1.8144784
16.3736464
-9.0378583
3.1176418
-16.9841303
-8.2697326
-1.7469211000000002
8.7093061
18.3067883
18.8395272
0.3775659
9.0436774
-16.102671
-8.2608513
9.3283261
-12.470799
2.4032381000000003
-3.3006764
19.5870775
13.2170335
9.295994799999999
9.1578637
-12.9373892
8.6097418
13.2557465
3.2458649000000004
2.8873275
7.0320447
-14.550868900000001
-13.4157476
0.738206
10.970008
-19.3881187
-5.378652499999999
5.392529
-10.3290523
-3.5223906
1.2598028
-5.5514583
17.7381091
17.5310062
1.4214371
-11.5690947
6.4611231
-3.1286468000000003
-3.7722113999999998
-8.3001836
0.2726077
-15.159068999999999
-4.6023658
1.3376915
-17.426055899999998
-8.6729879
11.1692759
-8.5347244
-13.7747288
11.8644039
-17.8463296
14.445231799999998
-7.392808
-19.6009519
18.5351839
3.3970091
19.685568699999997
-17.6346812
10.841484900000001
3.0754558
9.7078731
10.9592718
7.4565886
-14.5804251
7.8252335
-2.3364205
-11.2277081
8.0021691
-8.6542447
12.996208099999999
-14.0676414
-18.0282909
-7.523195899999999
-16.6597413
-17.1857586
17.8743469
-3.0532359000000002
10.450885000000001
-6.422736
-12.7604833
-15.4246712
8.6156873
0.6320976
8.0949596
0.0239386
16.2036131
-19.1830398
-4.6578845
2.1890237999999997
2.0802095
-11.0382165
17.3781274
12.7142189
2.6603366
15.8453451
-1.337391
-5.4934803
-0.1899628
-17.1427454
11.808109
-7.641405099999999
-2.5804947
-18.232890299999998
18.5268237
-8.6192949
4.5249017
-8.2625406
11.869404999999999
5.9291001
9.3634197
19.1667861
-1.1358203
-6.652582300000001
5.1188113
0.8711888999999999
12.065708299999999
4.3832727
3.1938426
-11.4442299
3.7404871
-7.4049849
-0.8281826999999999
16.8403059
1.0045616
-6.2985940000000005
0.6166100999999999
3.9891514999999997
17.9085593
0.35338369999999997
-5.0603933
2.0549909
-16.2893349
-15.0819018
-4.3974011
12.160770600000001
6.1905237
18.0261992
-0.7619472
13.0102396
-15.7893302
-5.768193999999999
-8.2414065
9.9299026
-7.2619093
-8.8422772
-13.8894907
-17.7121711
-13.9013619
-1.1438458
11.4707185
13.4487657
18.5277487
-13.328782100000002
18.987973999999998
15.478136099999999
0.8242592999999999
-18.971014
-13.55142
-0.5969881
13.5988584
7.047078699999999
14.1982969
0.5393963
7.2599233000000005
-9.6307212
-3.357783
-1.9710865999999998
-13.5142385
13.477125000000001
2.6673952
-7.014477100000001
13.4708745
-14.9920082
-14.130767599999999
-3.2194927
7.9061297
17.2427558
7.3746171
-11.2674926
-13.3234896
-8.6027995
6.648782300000001
5.7713968
8.0373906
7.4305969
-4.2696622
-16.993903
-19.3513683
0.22753440000000003
19.0808498
-9.8145898
-19.443382099999997
7.7355921
18.4237793
13.5638354
7.1883036
8.0096254
-11.0919294
-15.443325600000001
1.3138896
5.828859700000001
-5.1173639
-17.7723702
6.6657249
-0.3983078
-18.6025341
13.2504153
-15.6512449
-12.6925942
16.450997400000002
-14.9294737
-15.8139202
14.0341851
3.531752
7.916867600000001
1.9768608
13.901736699999999
-13.2476222
19.6978157
-7.1936588
0.33938240000000003
-9.748733600000001
11.568732
9.3387234
9.8082809
6.5861216
18.7170182
10.0708804
13.809631300000001
-14.4195854
18.8951582
-1.041593
2.4612819999999997
1.1137877
-0.6791313
15.922033200000001
12.929443000000001
-10.3419128
-14.9783796
-4.160267999999999
-14.665978500000001
17.7595624
-3.7020359000000003
2.3124408
-3.7263941999999997
-18.9537671
13.0260832
17.629689
-6.4282484
14.8679881
-10.660544600000001
16.1841683
14.010302999999999
-18.423151700000002
11.6769523
1.8812362999999999
8.025984600000001
2.3858721
19.6079827
-15.3558776
-2.3614801
16.3538213
19.3355293
-4.002295
-18.7014622
10.0052157
0.29449169999999997
16.3983335
-4.3665331
12.258695499999998
16.2999379
17.1842684
-0.8154133
14.1278746
-14.2298444
11.6703688
-17.1092384
7.6933994
-2.6702917999999998
4.327717
-0.0945834
-13.3775776
-17.159207
14.3765796
-5.2776421000000004
14.8369176
3.1031781
-11.3096037
-17.8204128
5.985131
14.690315499999999
8.9920536
-9.2861521
16.7355865
2.8029840000000004
-8.5820605
-8.6172519
18.4655308
7.8777733
5.5166722
5.0308719
-18.052713
-7.142994099999999
-15.2749379
6.431931
-5.5393485
-2.2639846
-3.0422223
-13.4952583
9.1342592
6.1671084
-19.3450153
-7.9655327
2.2673305999999998
2.837499
17.9612306
-8.7573528
5.7498554
-4.1106012
-2.5446695
-11.153358
-14.5926684
-15.1713923
7.669948799999999
-10.135647
-0.40007820000000005
6.317595300000001
-3.2661327
-12.5896812
-12.7268606
-7.067755
13.057026
14.6317524
6.5370303000000005
12.939275
-14.8153067
0.6424362000000001
2.0011020999999998
6.0108656
3.9072219
-11.579271100000001
-12.284158999999999
2.2282092000000002
2.286044
15.295440300000001
5.3864788
13.4632044
-12.6404938
-8.6197027
2.8375472999999998
-7.2900282
-8.1865053
15.018622800000001
17.7146973
-9.3280912
-17.0644379
-7.6336294
-17.7958806
-5.856508700000001
10.166471699999999
-11.7562203
17.2686104
-12.089247700000001
4.8712191
-15.8768667
12.0558897
5.383501300000001
-17.8180322
-15.839062799999999
-1.6045384
-11.8208477
-11.4461941
-1.5989573
-8.5163498
14.3737269
-12.873930399999999
9.8177504
-4.8186606
7.025338400000001
14.424635
5.6900710000000005
-12.968226099999999
-17.1996305
10.672176400000001
0.055232
-13.2844028
12.1263524
-0.2936294
-3.4286642
-16.6788262
11.7893735
-0.4331885
-13.566068600000001
0.15744809999999998
-18.955467799999997
-11.5578907
-19.739723100000003
-0.9359471
10.1059207
0.9060317999999999
9.4240178
19.7829588
-0.6218195
-19.5865629
16.4352148
19.764627700000002
-11.2359355
-17.8740542
18.372035699999998
18.8050529
6.692444500000001
9.913501
11.8333542
17.568727799999998
9.2733381
7.690904000000001
-14.544467299999999
15.2201217
19.2600454
11.2404934
8.4339706
-8.379190099999999
-3.2621496000000003
4.1042826
4.1889476000000005
19.8647273
7.2641003
2.4452713
-14.673256899999998
5.5364142
-9.709808
16.9275036
0.5909659
-11.1543387
14.923033499999999
6.648141399999999
-5.4443244
11.828995399999998
15.6682753
14.334340500000001
1.0813198
15.5661168
-17.1845226
17.5410657
-18.228229
-7.6349156
-5.889246399999999
8.3455118
-6.4987678
-10.9022706
0.9900445000000001
15.4649927
7.318569800000001
-2.0748337
-1.3162641
-10.2663546
-8.212591
-13.197086500000001
2.0981948
-7.8267944
3.1856357
-3.7516206
-18.5674078
-19.2298409
0.8088869
-7.9093577
3.4572507000000003
4.425314
11.3496389
1.9088025
2.3232914
-19.4991095
17.1984666
2.7278976
0.7277866000000001
-0.17042210000000002
-4.3282901
-1.909101
1.9703798000000001
-12.1407422
2.7614682
-14.300236
-3.0591671000000003
1.2463253
17.5190925
18.4535527
9.9055233
10.325166300000001
12.1224504
0.9736891
8.695102200000001
-15.5334036
13.746063300000001
3.3970949999999998
17.962747999999998
1.3875894
-6.8605146999999995
9.395317499999999
2.6761601
-1.1785814000000001
2.803997
14.124994200000001
6.445476599999999
7.450246
-9.551636
-2.6210660000000003
4.6225931000000005
2.3479847
-18.1350283
-10.842089399999999
-9.298104
10.300531000000001
11.7562284
11.473017
13.9998628
-10.6932072
-13.3053949
-13.5804662
-12.6156331
3.3178302000000004
-0.9172019
-13.113366000000001
12.813052299999999
0.9425482
13.9229457
6.727954700000001
3.4828181999999996
-7.1015156
19.7181612
-7.2014151
14.4075989
3.4398372999999998
10.3994094
13.4742907
9.8737327
15.6794987
0.11162599999999999
-1.4567227
17.7646796
18.3561926
18.2072125
2.4013163
13.737203099999999
19.9558357
-14.874091499999999
14.433805
-14.3925303
-1.6563119
15.40049
15.656778
7.6809628
10.048714
-18.0512098
3.4577294999999997
16.774729999999998
-4.5720877
-14.2274002
-11.7746868
8.123830400000001
13.4086627
18.3164823
13.4517298
-3.216854
-14.977331200000002
-15.284466700000001
-17.8441619
-2.1066255000000003
-11.146526699999999
10.0312091
-16.1968526
-1.8179771
-8.6339957
-14.0171985
-11.096349600000002
13.2860147
0.981575
18.42258
16.3161214
8.152774899999999
-19.650085699999998
-8.6949707
18.7588655
8.7341391
-10.4883114
8.8025155
0.9525115
-4.1191964
13.0314697
-12.813957700000001
9.2563297
-17.9798734
-13.9917173
-7.4712928
-13.938279999999999
4.6762931
-2.3737738
11.5148614
17.647556899999998
1.8555853999999998
-1.7484653000000001
-13.1864636
16.4166487
7.5008281
-14.1007186
-10.537426
15.1465906
-9.4290124
-9.0864234
18.8547315
14.267834800000001
-12.605672400000001
8.5803122
-7.4724446
12.8532229
2.7517546
-19.9697862
-1.7818234000000002
-16.7834532
-17.6718083
2.4316974
-15.8787617
2.1333022
-7.8859758
-4.8001651
16.5801919
15.165828699999999
1.4939761999999999
-3.2744552
-15.8262382
-17.639569100000003
-10.5679041
13.3414301
-7.0320488
13.806041
6.081575
18.226822600000002
1.1805722
-5.7368921
0.9841407
9.6528744
16.0767482
12.8539194
7.9872553
-16.4170152
-5.3041115
-10.892829099999998
-10.858748599999998
16.028060800000002
6.2916632
-12.406929
-1.6951547
18.9326434
7.6592609000000005
-12.9025929
16.7929398
1.4236582000000002
-9.7071454
-18.5252066
-0.2907315
6.9918237
-9.1397511
-9.2760037
12.462841800000001
-18.3879883
13.5119112
11.703766499999999
16.6426147
-2.4362803
4.6155516
16.5956125
-5.3028044
17.3082261
-7.4269872
-4.3730008
14.3031228
12.143978400000002
-0.361242
-12.0790113
6.3781756
6.930795399999999
-9.468974600000001
-8.6219925
-14.923216199999999
7.823017
-18.3884344
18.5264278
10.7537545
-5.9744753
-0.5924597
9.9633256
-13.774672700000002
17.6123362
-4.9689607
12.863244299999998
8.4621232
18.284391
3.9761640999999996
-13.843914400000001
-13.333719499999999
5.6086006
-16.5556801
-1.0845855
-4.419354
4.5018705
4.743269000000001
7.9714761
7.9140652
-4.9407869
-2.2951118
-15.9829577
1.7463594
19.1215966
-4.7687753
-13.2316418
0.4277335
-5.317278300000001
-9.9419533
-14.6777212
-3.076591
15.9500089
4.062317
12.845609099999999
6.8476487
-7.5990239
2.3621065999999997
-12.0576339
-16.2323241
-11.2425211
-14.0942568
1.2700759
15.133226400000002
-12.8613862
3.9637423000000003
-3.8499799
-8.6140333
7.1262764
0.5154948
-4.2490211
11.5690352
0.6232070000000001
3.1911961000000004
10.5690374
-2.2984587
-15.985324
-4.1715431
13.599816699999998
-12.8220055
-0.8083488
1.1810919
10.3818201
-9.3804879
8.9237084
-0.3529956
-9.0667432
15.040330899999999
-4.0182183
16.467292
15.8829079
11.897383600000001
6.0280398
-7.4495322
-8.0514896
-6.2252132
-16.725985599999998
-3.1744421
0.5820546
9.6130048
-10.524101499999999
19.1763271
-16.7937568
6.3384307
-10.6316265
11.8592689
7.4863856
-5.1596879
-12.769767300000002
13.138312599999999
2.5456383
-17.355825199999998
8.068174299999999
-1.8387289999999998
8.6173942
18.6128586
-14.8226446
4.0165724
-8.8652779
-5.7949809000000005
-17.2182041
-4.0328466
17.970363
-7.0578581
14.565101299999998
-11.414260200000001
9.278071
4.6186689
16.5562592
18.9202941
-5.1987799
9.9469969
6.7265535
13.2616438
0.7503115
-1.3604660999999998
19.8619651
9.9493528
-13.1954305
-10.5984555
-18.350139
15.140762500000001
-0.4372716
-16.7353515
18.3723783
-10.1112603
11.3005278
8.8430903
-9.016432
6.756996900000001
3.0172617
-8.7085259
1.6932619
-15.9876284
18.1909178
6.5485869
-18.9259754
9.445897800000001
3.4035921
1.5389712
-10.2396452
-19.8210397
-16.586067
19.9279537
5.707849200000001
16.1226927
13.232388
-7.874210799999999
-1.1936801
-15.0533049
17.522947
-3.3775653
5.2093196
-4.1465078
0.20241420000000002
-5.4893131
-6.1061838
18.6130106
-17.226338900000002
6.4541497
-19.0355633
-13.765701100000001
3.4516815000000003
13.4468715
18.601408
-17.9024103
1.373541
-15.4436409
7.9075339
-8.808338
7.8598536999999995
-2.3681085
-5.4914845
-11.1378208
17.7657438
3.8075966
2.6446078999999996
-8.0703598
5.9188348
-19.8855888
-16.939373800000002
-7.3954249
8.6253393
0.3140989
-16.8626784
19.9262974
-13.4689075
10.8160817
6.0323123999999995
-16.515939499999998
-3.5415904
-3.2554896
-16.2413986
6.7132087
17.6835554
11.6822929
-16.6712914
-6.8658372
-1.5489814999999998
14.555916
-4.4114394
9.0349281
-11.3360899
7.9967286
3.3719919
-4.6061342000000005
-6.8367709
12.375876900000002
-19.679570000000002
-15.1375734
-18.825282
5.1028866
-1.7059392
-12.322904900000001
-1.3723593
14.9439048
-10.412944399999999
4.6560372999999995
11.1041084
3.5353008
10.3469992
-14.0263
-4.4611961
4.9828988
4.5862617
10.4570014
-10.668517199999998
-6.221307299999999
0.6565984
-8.7777891
12.685492400000001
-3.0706909000000002
-10.282128499999999
7.926383899999999
-2.4055859
-8.455832000000001
14.2015484
13.2320237
-15.9973965
5.980011500000001
11.3720924
14.089869100000001
-14.561135799999999
-9.0980405
-16.6851826
14.7930206
-11.933386599999999
9.3216895
13.8562031
-0.24943010000000002
-2.1552503
6.424418500000001
18.8336628
2.7377300000000004
-10.9926682
11.2692591
-15.2967157
1.6298925
8.6967571
-6.2680024
-17.1062977
-2.3073201
1.801744
-17.3681841
17.7757538
6.583952399999999
-5.0123563
-7.2802861
4.0739468
-1.5880064999999999
17.8533197
-6.041636499999999
12.2288379
-7.1914297
17.7521993
-15.0492654
-1.8148772
-6.951409
8.3699923
-11.832650300000001
-2.8544058999999997
7.6437274
-2.1966688
-17.1012111
-10.522410299999999
6.2452049
0.1575376
-14.1174065
8.4629515
-16.5117838
7.6530687
11.775138
-10.1946848
17.2279199
13.8591859
4.380149599999999
-13.2323348
-18.9176153
-17.479642300000002
-11.300797600000001
-16.2267957
-13.7363063
-16.9574176
6.640689599999999
-13.4683666
-5.4092726
-14.790301300000001
-19.5374202
-9.6871578
1.4164655
12.229928600000001
-18.2938269
11.2164497
-8.6503037
5.403740699999999
1.267742
-16.3684926
14.0195422
18.126864599999998
-2.8208439
-16.3577108
17.603632
1.2413756
10.962748
-2.4771769
-15.2455371
18.7543682
-15.769085500000001
-8.153991600000001
14.8484793
-8.7138023
2.9166421000000002
-11.620378800000001
-15.1270737
17.777578000000002
18.0366335
-18.595932
12.7231246
2.1041788
17.2316597
12.7146651
18.2203748
1.0804483
15.713223900000001
-12.332587799999999
-6.5038127999999995
-15.5262601
-8.3280535
3.1777499999999996
-9.0243174
-13.7752039
-0.6998555000000001
7.2227292
-18.332673
-0.9793152
-2.3000803
-17.2227718
1.8486766000000001
9.9464574
-5.8517647
-3.8678274
12.128599300000001
-0.24559360000000002
-13.0694414
-13.7296885
-12.046159500000002
-10.172182
8.692888799999999
-0.4862286
-15.635430300000001
-12.1858488
15.242233599999999
-3.5556247
0.0714807
14.9298111
-2.8842496
13.174323
-6.295744200000001
7.3480254
-17.5902536
-7.298142
17.55298
7.4726147
3.5662146999999997
5.5218055
1.6803782
-14.0612373
-11.607248400000001
7.0274127
-15.111968099999999
-12.0499324
-0.2905162
-12.7608225
-9.4976226
18.6757502
-16.1027618
15.7694971
-8.7944692
13.901390899999999
15.261614400000001
3.5097158000000004
-14.9091176
-4.1642902
-15.6925884
-18.4115824
-18.8023089
-6.8929101
-8.275750500000001
0.9584311
-10.791513299999998
4.7132569
-6.3280558
-10.7192381
-11.831226
8.7391591
-8.2809796
-11.2593977
-11.7679337
2.6527605
-5.8990462
14.6414375
18.5776802
16.209899399999998
-12.154911
10.9677045
-8.3540661
-14.5630578
-6.1153069
13.818447
-7.2411498
0.9944413
-17.618676100000002
-8.3191013
14.465779399999999
-18.5803041
4.8943649
5.9215004
4.3245777
18.8939977
18.7148712
7.8421352
14.5086927
7.8993002
-5.579501199999999
13.2613131
-1.2508618
-11.13982
12.4708423
8.1146876
10.1714737
14.1672725
6.7376556
15.664805
-7.8378573
-5.618205000000001
15.980628
-13.8363879
1.8197748999999999
-13.3103925
3.5505581999999998
9.4847085
4.1011318999999995
5.9263944
16.7840411
-18.1152868
-0.34138890000000005
11.7149676
-18.158166
17.7903667
-6.7588999
3.7812345
8.5471922
-19.8374164
-5.2772869
-16.7624456
0.1591567
3.9662835000000003
9.5886628
-11.632090499999999
3.3370314000000003
3.69901
-6.3395244
-5.0598537
13.2495906
-6.5866845000000005
10.6474777
-1.6028944999999999
-8.499583300000001
0.9007915
-2.0887214
9.3377333
-17.4524643
-17.1097006
2.4816318
-16.8186399
4.712804
-18.4931779
-0.4733074
7.4671028
10.920140799999999
9.3818569
-18.4130862
-17.9696009
-17.4896016
-17.3081014
-10.4622405
15.1373885
19.3148674
3.3787643000000003
-17.2799559
-15.515735099999999
-2.3719463
-18.422399
-6.458849300000001
1.6384934000000002
-1.6586058
5.8921703
-8.608294899999999
-6.6503079000000005
8.311332499999999
6.6488027999999995
-0.2332502
11.641466000000001
3.3276668000000003
10.1992806
4.4149597
17.115758200000002
-4.7994985
13.911690100000001
0.0574124
7.6455705
-17.4732637
16.9370704
19.131320900000002
4.3704295
-9.212415
17.2275172
14.390379600000001
-6.3984375
-7.300806700000001
-3.4218401999999997
6.9340529
-0.6181606
-9.4895944
-2.5869579
6.3111334
-0.6587211000000001
-11.3539274
18.4173308
0.3182677
-16.6028145
3.152629
14.8137722
-1.3245566
14.306204900000001
-18.160598
6.4439812
-17.477014999999998
18.0853146
-4.6255875
11.6763145
-6.4004966
-1.6367526000000001
17.5264081
-5.3786604
-18.2375103
-15.0275381
-15.336845
-7.4829855
6.0422961
-5.883480100000001
-5.6945141999999995
-9.1182337
-4.7224307
10.609134899999999
5.3130166
-12.2895735
-17.7216479
17.5895151
-4.651194
3.4867505
10.844162899999999
-3.3380513
-0.8817798
-6.7910433
4.0732509
3.9418446
3.919774
-8.7377701
5.3632933000000005
5.1933953
13.0170012
-16.7011994
-11.0827704
-1.6359004
15.0816496
4.542074400000001
9.3768461
-7.2970804
6.4699787
7.6225802
-0.3633655
-19.6938135
4.2910446
-6.782535800000001
9.837364599999999
-9.0735408
3.4246875
-19.1014554
4.5713241
-18.6586514
4.3394179
-17.7162897
-19.8333854
19.671416699999998
18.6370789
-19.4520552
-3.8376769
19.8133284
15.546765700000002
-4.535722799999999
12.188567299999999
12.514626699999999
-19.127507
10.1786077
13.6623844
16.0631293
-2.172817
15.0567696
17.149797200000002
9.5818537
-12.6876775
12.524181599999999
-4.4218778
12.9215965
-3.2260107
11.892852499999998
-19.3136954
3.3600071000000002
-14.705460700000001
-6.7023491
4.7827474
4.7943648
-2.2020338
-6.0853531
16.9597582
19.8387855
-13.9268243
2.2027064999999997
14.319426100000001
11.894196999999998
-7.0209475999999995
-14.5373328
17.8706391
-0.6661248999999999
-9.6858198
17.9410557
11.1763105
-1.2717074
-0.4278349
19.5871028
-1.2095632
6.271709899999999
-1.924763
-9.6693098
7.4333074
-5.4889508000000005
-5.2599142
-2.6313006000000003
9.435055499999999
17.7303365
17.5680741
-8.6577615
11.9167551
6.0218763
-12.809298899999998
16.2522558
17.8994928
-14.1936345
13.162944099999999
-7.1072875
-4.2283045
-12.7198599
19.8009126
5.8446169
-9.941253
0.7467785
-4.1098243000000005
5.166881200000001
-13.0176894
15.004054100000001
-19.527595599999998
-17.9422971
-0.9703729
3.9056518999999996
4.525622
4.964769
6.1875326
-7.9252761
1.0985066
1.0113516
-16.648887
0.16378589999999998
5.0077088
-14.880735600000001
-3.5966728
-11.316810199999999
-5.0386744
-6.7463064
-16.118333500000002
-13.106628700000002
8.0474797
-12.6430314
-13.933176800000002
-18.138347
-2.4406861
0.1593235
16.6000768
-15.2376907
-10.7321297
8.7134866
0.23015170000000001
4.2685616
12.873694599999999
1.2648751
12.7528963
6.8854944
3.3606727999999997
-4.901774
-11.0206842
9.1895656
8.4702143
-17.860504900000002
-2.0211809
-18.6579271
-19.611732
-15.8683105
15.609576500000001
2.3016963
3.4198818
16.0399338
8.0461339
-13.017389000000001
-4.7010512
6.6151612
-16.8729294
0.1109688
-3.0516426
-8.3909723
2.6557413000000003
-6.1170893
-8.0858859
-19.1328759
8.7063048
0.3635525
1.5389597000000002
-5.1709213
6.810240199999999
6.6570802
-19.0146954
-3.5273133000000003
-11.770343
9.1313809
-13.9190583
-18.564553
0.6583893999999999
-8.536527
12.8692221
-14.4289087
18.4049295
10.7744268
-17.6548178
-8.076115600000001
-5.61837
16.5108647
14.875781400000001
17.8894688
6.1785879
-16.7295242
-7.741226299999999
-1.9635341
9.981637
6.538710200000001
13.8809765
-3.5436413
4.7254292
4.6596414
14.396072799999999
2.0404117
-14.266340399999999
-1.8127995000000001
-7.2279821
-18.2208768
-13.809074700000002
5.9913554
-10.0157218
12.6253287
-14.155849499999999
2.2051395
-18.8340588
10.2026463
11.497981
-8.5674158
1.6197379
19.8177781
-15.6001397
-19.8964578
-2.6643775
-13.9209064
18.4068389
15.842722799999999
1.9754949
-15.7086653
8.5168355
-11.861901499999998
-14.464299200000001
-0.8557987
-16.8758759
15.8786249
-16.4260215
-2.0256808
-10.3541654
18.028471500000002
-14.1554507
-17.28456
4.9149677
-2.6441552
-10.2078273
5.8286538
18.1804213
8.2418429
-6.8262846999999995
8.8333593
11.422886100000001
9.9390152
8.4260103
16.5479652
17.0579955
16.6943054
6.274443
4.0900082
-17.4257168
0.041283700000000007
-13.487531100000002
7.2071814
12.2535497
10.2811591
-12.5666613
-0.7648227
19.24813
12.0273585
3.5199801
8.005792300000001
5.865451
7.1054618000000005
8.3032614
3.4751458000000004
10.848164899999999
8.8056398
-8.0489355
-5.2566136
14.7115186
-14.242447299999998
-9.7070158
15.9352246
6.743603500000001
-7.370938499999999
-13.630679800000001
-4.1497570999999995
-1.5036824999999998
-7.7529034999999995
-11.5701837
-12.519227599999999
-1.7867303
5.7727722
19.6634587
7.944064399999999
-14.6486448
-3.6928415
2.7894576
16.1084124
-17.900270499999998
-15.2231129
-3.0601526999999997
-5.7866561
-2.4767608
18.8950656
15.015072700000001
-15.639651100000002
9.5725504
8.0628759
-13.9416975
-0.8843462
2.0188088
-13.7846907
-4.390248199999999
-19.139111
16.929533
-16.9824329
2.0367899
14.7062194
-4.4395409
-5.8877106
-13.4201329
-19.4296805
8.0999921
3.5694038999999997
-15.714748
9.5018957
-5.8747772
8.6345326
-15.5267073
18.528398
15.546060500000001
13.106282100000001
-17.1343039
8.3267131
-11.0959656
-2.2650489
11.2236849
13.136922199999999
-13.058876099999999
-13.883949500000002
11.8623739
-11.2743416
-6.0449893
-7.4770175
-11.960189
-11.699646399999999
0.7256351
11.5483458
-11.659457
7.0881979
-11.6510917
-10.913246899999999
-4.5084843
-0.8503005
4.3939927999999995
-10.745407700000001
-10.4105643
-11.244404300000001
-13.479506899999999
-4.191101
-9.4933283
-4.5681996
-17.184727
15.6599043
18.1313751
-3.7816426
-16.6842021
9.7415277
-4.143451
-11.1149807
6.7576667
-11.212801500000001
12.1769921
-5.2560112000000005
0.8005017
-13.5817237
-15.0147021
15.7549432
3.9574610000000003
7.5112088
11.521053799999999
-0.4079027
-4.6588584
18.2373945
13.1033912
-9.9922526
7.746832
2.1120559
4.7162606
16.443417099999998
12.5732594
-0.5166415
5.9742153
-15.941902299999999
0.87783
16.7045686
4.6397107
0.1514263
7.088907900000001
-10.7248329
13.4251848
8.4893128
-7.6750734
3.2034673
-0.0168574
4.9106074
4.407393
-12.545461499999998
-9.221784
11.4721338
-17.4890839
-15.6947244
-9.8839195
3.4797582
13.159195
-14.5167428
-0.6032384
2.2149944
-1.6204720000000001
6.5690649
-12.5972565
1.6636247
5.053498
14.9877546
-16.1591715
-11.499607000000001
16.317992200000003
-3.7907409000000003
-13.1948837
-19.2510015
-15.3157574
6.7604795
4.9576665
18.796235
1.3459412
0.0643079
10.9983196
-4.1423894
6.476037
-12.102732800000002
-8.6356191
-1.9855156
-17.5665336
-1.5738515000000002
19.7794564
-3.1486020000000003
14.4743138
-15.5148556
-14.600246299999998
5.8035607
0.5658844
-1.1605123
4.4884308
4.6834997
3.3794755
6.5773004
17.493147
6.2597096
-9.9319923
-6.7883559
-13.6104331
3.1190606
-16.5416032
-17.635496
-10.8455446
10.5526407
14.5636225
2.3633875
-13.7310932
4.9507147
16.5894033
17.9999887
4.5618177
6.9811918
-1.9989169000000002
-10.472940000000001
-5.9719582
9.1967724
4.9366936
-11.0600481
-1.9469759
8.2702534
6.9088658
-2.3633296
-12.6766987
10.6933409
4.4334382
19.4179264
-6.7495501
2.7826323000000004
-12.9270432
4.8924002
4.8238322
-5.7884201
10.9670411
15.062752499999998
0.9882829
10.2854852
-13.6121825
3.7041624
8.701089399999999
-6.607794800000001
-11.184178300000001
3.7504845999999996
-14.133352
-16.477530899999998
12.129285500000002
-9.9013761
6.9852777
1.7853523000000002
15.198648200000001
14.3672287
2.7061015
-16.6372741
-16.8475052
18.6223715
9.2624838
-9.223097000000001
11.5433768
13.6897975
4.4314424
-13.7271726
5.0768116
-12.7470958
-4.2426131
10.0780587
15.8611691
2.0038117
-14.2098055
-8.3309228
18.8387006
10.4903792
-3.3064648
0.09332259999999999
4.1358166999999995
-8.9253833
18.5991603
-12.375527199999999
-19.7436339
-19.885461499999998
-18.363682100000002
17.6286673
-18.015864099999998
4.230437
-11.494018200000001
16.181478600000002
13.41144
-8.7282575
12.108401100000002
-1.4286295000000002
16.4061171
2.2270657
11.448625300000002
17.0420375
-9.0599653
-15.517659100000001
18.1338981
12.4834429
11.054695899999999
-16.174546199999998
3.3379699
9.5104366
5.722086000000001
-6.8108476
5.8764832
-15.7433286
17.5324532
11.946143999999999
-6.9553879
-1.0187545
-4.6477899
-15.6380205
6.981714899999999
0.6677251
-9.6791921
-7.128880400000001
-8.4289464
-17.4287249
5.803596700000001
0.8375615000000001
17.1329485
-1.4743414000000001
-6.8997451000000005
17.7338967
-0.5204325999999999
13.7903493
-18.248721800000002
15.3680459
3.0009750000000004
-2.3576197
-4.8803894
17.7848094
-8.4797601
-7.0156979999999995
3.4860411
-10.389799700000001
13.9551498
-18.0960114
10.397249899999998
-2.3104424
19.4704638
-4.4392541
2.8792627
3.1137246
-5.111339
-3.1709039999999997
-18.835742800000002
6.1261805
-2.2435515
7.081110300000001
-13.8949618
3.5062610999999997
-4.9219624
-17.972974400000002
-16.2460528
-14.340522100000001
12.8525797
18.2297795
-3.2102614999999997
-12.5524668
19.6908267
19.7262977
9.2901603
15.495456999999998
-18.0508475
16.4931562
17.8828586
-19.1374885
-8.1791128
-4.4516735
-1.1888516
-15.018019200000001
-1.9328532999999999
19.8372576
-7.7257123000000005
12.171472699999999
5.4413705000000006
-15.740636
16.9362027
19.8525794
5.730865199999999
19.9390648
17.619777
9.4135337
-1.1976103999999999
-19.0548676
-18.9422006
1.7526570000000001
-10.422177099999999
4.6571387
15.6142624
14.8251725
-12.3088465
-14.019815699999999
-5.8167672
-17.886008
0.7403723
-7.5216099
-13.4892858
-7.9843250999999995
-1.5740121
6.40755
-14.9598206
-2.1719168
4.9058959
-15.922804699999999
-14.0941945
-8.207173000000001
18.687752
18.7568387
-19.0889272
-11.7927713
8.985043899999999
18.0341654
13.6394298
8.0098735
17.3581466
12.4837292
9.1720411
12.570957900000002
13.3114104
1.4585352
-16.143372199999998
9.1772254
-3.9800237
11.600834400000002
-10.1992575
1.1556564
-17.650847799999998
-12.0933124
-8.609585899999999
5.8958734
-11.9254333
9.1463696
-14.894503400000001
16.1160247
9.7202919
12.1583495
-18.1567076
0.5440045
9.9963397
-9.770520699999999
-9.9317331
-16.3592395
-2.4882444
6.8162773
16.3626749
12.2260305
3.2943537
4.5533409
6.2277093
8.9052519
-0.3038011
-7.512846
-15.0914072
7.4538252
-6.3797357
1.6830477
-6.7064007000000005
-0.8937520999999999
-1.6277636999999998
15.131907100000001
-6.798598899999999
-4.3212005
1.9061457
0.8060864
19.4719609
11.042190499999998
-10.6792214
-11.103539000000001
3.1044454000000004
8.5919993
-12.620247899999999
13.1907411
17.5037284
-10.9160102
19.0117831
9.7307986
-8.4340197
-19.4429783
-9.090458700000001
-4.0415538
12.8967245
-19.4685982
6.081763
13.593306700000001
-5.6000462
-15.8111772
5.1097354
9.856797199999999
0.7149361000000001
-8.0494383
-3.5140281
6.8742844000000005
0.4524138
-11.157342100000001
-2.4301075
-1.9594034
15.7748872
-17.7529002
15.9513668
-0.3923634
-16.5274123
4.5789467
19.5923404
-13.9370241
15.251144799999999
2.1337286
17.5779458
-10.0433128
-11.737462299999999
-10.0939859
17.9526097
3.6626144
-14.6662369
-15.0933078
13.4933313
3.8649545
14.1255153
17.4510266
-1.8627265
-9.8896285
7.787183300000001
4.3020161
14.7015229
14.293444899999999
-1.9227641
-6.870820999999999
-9.1475451
10.1262586
8.5312263
10.3287037
1.6833884000000001
-10.177907699999999
11.159602600000001
-14.7391732
-1.5742066
-14.4640822
7.973513400000001
-7.5391406
8.935704
19.3647122
3.2111052
-1.4233475999999998
-14.162717
16.5707052
11.2363112
19.081262300000002
18.5189543
-13.607422
11.3224212
13.6321321
-6.7906731
-11.5340909
-10.8443299
10.469586300000001
1.9018253
-6.3811217
2.1112736
18.7350819
4.176832999999999
0.18739450000000002
19.412445299999998
-10.0644957
-0.5036818000000001
6.563498399999999
-6.5235866
-18.007464600000002
17.5189314
16.0793892
9.0073392
-2.8388211
13.789213
9.602089999999999
18.8255177
-19.9987709
18.5095512
-7.2807393000000005
17.1345065
-15.988737100000002
-3.9004195
18.3193172
-17.1196767
-16.485419999999998
3.8037522999999998
-1.8311655999999998
-4.4550011000000005
-7.638704199999999
3.2908807
9.0177847
16.082134699999997
11.2853782
-3.6417581
10.9194231
0.564737
0.9787343
-15.9381639
-5.6502413
-16.982763
-16.733445200000002
6.511961599999999
10.078923
-14.411880799999999
10.6848058
18.7387026
18.4031207
-15.781160400000001
3.1426523
5.7139153
19.252726199999998
-1.8401447
4.6117360000000005
-2.014104
-13.3109698
-5.6680109000000005
13.2427144
13.9676181
-17.9789438
10.721466
7.955775599999999
-10.821470300000001
10.7075093
-4.9707775
16.2834022
-19.1118926
9.238487
-9.092215
6.7378435
-15.4667974
-5.400482899999999
5.6789893
-15.192612200000001
5.782073400000001
-16.9962696
6.4959185
-0.4717371
11.0294023
6.9015997
9.1386412
-4.6803851
-10.3860719
-19.8367121
8.701462
-6.314744899999999
-0.8525881
-15.9565237
-6.2757366999999995
-19.5702104
6.8015799
-18.7801612
19.9757482
7.397603800000001
10.361799799999998
11.9344541
-7.7294461000000005
11.9314293
13.712873
9.2865949
14.4023896
1.1680758
1.5896975
19.6211841
1.3896174
8.6329333
16.6863878
-3.2089841999999997
17.3650637
10.6983058
-5.997766
-16.4394644
-15.280941
-12.7918955
-6.4530399
-1.2358212
4.724776299999999
-1.4266747000000002
19.7839521
16.6937995
19.9811418
-10.309661100000001
-13.4188138
-6.9088527
-17.9911778
-8.8132877
-2.8163546999999998
2.6685063
2.9399689
-8.7499526
1.1446369
-6.0396361
19.182767300000002
18.3814656
13.295249100000001
8.5633182
-15.874636299999999
17.018919699999998
-2.9990472999999995
17.2768052
7.3026153
2.5494138
4.5184038
-1.1680645
12.463061
14.8079299
3.2546001
-19.2491703
19.5076213
15.2412966
-5.2026829999999995
-3.6084899000000004
10.7112743
-10.2421024
-0.5872744999999999
18.2188982
4.0801627
13.102426900000001
-4.2252030000000005
-12.242587799999999
6.6795524
-5.9534257
3.6659485999999997
4.8923584
-10.3194091
-9.9993965
-19.3080259
12.2398876
-5.0269038
-0.0291386
13.425051000000002
-19.9299221
-19.7285132
-16.9448129
12.264736800000001
-9.277450199999999
14.5893905
6.723052
-0.27782060000000003
-18.631444
-7.9567691
19.3512346
16.2895457
-3.3489245
-3.7128552000000004
11.1751729
-14.016551999999999
15.057999400000002
-13.847382500000002
-11.5074286
4.9383982
-0.5099214
-19.235777
13.1268032
17.481890800000002
-11.415358900000001
16.947247700000002
-16.4444637
-13.512235
-19.9815318
-8.1585337
15.2239077
-11.7083648
-19.1567243
-5.4423972
-18.913656800000002
-2.6276019
0.0788344
15.908255200000001
12.9343671
-7.6958151
8.076608700000001
-4.2274608
19.6270699
-19.9707676
-12.8920949
19.838693
14.015371700000001
10.9891033
-1.9195697999999999
6.1256683
15.500391
-7.412233
-12.943526199999999
-11.1373575
-5.1091628
12.4129609
-11.4089893
-19.1552462
-9.5807385
19.1836056
7.7540032
12.3154404
-15.265299
-0.8823924
18.4118982
9.511412400000001
-15.2322737
5.8521704
13.952144599999999
11.9548773
-9.8831641
6.318308399999999
19.6683987
-19.7853453
12.1783592
-19.9946674
2.1333743000000003
15.9978429
10.6545
-14.398496600000001
2.3460769
-18.0770923
4.8970801
-7.4305369
5.9865022
14.7929721
11.8159531
17.9790217
16.476103900000002
12.8041263
11.519335900000002
17.9413653
-2.4628559
0.0648107
8.5603879
-9.4828403
10.320866200000001
-16.8872402
9.3040848
-4.7055198
19.924672599999997
0.22071639999999998
-6.4344456
3.8970411
-6.6181763
-3.6861556
-4.1551123
0.9152026
9.5722493
-14.8612582
-14.0115878
-1.4753146000000001
-1.1187627
12.874228700000002
-2.2680360999999998
10.1034651
12.6029441
17.329721
-13.298897199999999
-17.5891992
-13.8099728
12.361957199999999
-10.812832499999999
-8.666192
6.175068700000001
-18.0395984
17.9290019
10.3315768
5.6094579
-13.1658622
-0.0535245
13.524201399999999
-16.0100714
-17.8778207
-18.806629700000002
-2.4856927
2.5941438
-15.8111152
15.1466313
-3.4627258
8.8089564
-6.0208933
4.5789862
-9.3309182
-1.5367781999999999
-17.3058465
-14.389487899999999
-19.525020400000002
18.9679774
4.3305864000000005
19.1885163
-6.159436100000001
9.361001700000001
10.3065516
-4.9398045999999995
-1.2588029
-10.1346722
12.741415300000002
13.454963
-4.5774897
-15.848341
17.8888679
-5.802955600000001
-0.6492677
-6.468527
17.1331813
8.1062146
-16.480234199999998
-17.067837400000002
2.3404605000000003
-9.431036800000001
-12.7648859
10.4788801
14.8883484
6.3949301
-0.5753984
17.4795879
-4.1292196
13.958806
13.457383
-10.933337
9.704104
10.173312
4.5879319
5.2774231
-10.010676
-19.038226899999998
-12.0918226
-4.7290167
15.082062
-11.8661572
-13.7851471
4.6087907999999995
-7.685469100000001
-14.379489799999998
10.6213204
-4.7857186
1.1569261
-3.4349648000000004
11.1271784
12.661202800000002
3.9139888000000003
12.8694827
10.5527135
10.8599959
-19.1196811
4.2821885
15.060605800000001
14.1622137
-11.2650672
-15.190301400000001
-9.7409631
-17.860709099999998
-8.6916466
7.5680431
-11.177046
17.2233367
-12.743742500000002
-13.624861000000001
-18.9886838
8.9220415
-4.2876652
-15.262991999999999
18.1433526
-17.7902203
-3.4148594
-18.6023807
6.434020100000001
-4.5182759
-15.4978479
15.872988600000001
-0.7714416
-4.8503684
9.1080113
10.754586999999999
3.8429521999999996
-8.068531400000001
-6.504113200000001
9.243107199999999
-17.6098689
-3.1475297
-2.8010640999999996
17.0806464
-13.801632
13.060624
-12.257774300000001
-19.200852299999998
-10.654259099999999
-2.0428464
-10.5078838
-6.7243002999999995
13.3408835
-15.2752981
1.2203230999999999
0.4967672
7.5232639
-11.5761232
-4.6976303
0.9182776
-14.7704799
4.2587259
15.170769600000002
19.3765124
-2.5474170000000003
-13.584730799999999
-8.616905000000001
6.4095293
-14.2734322
12.5529224
-0.7817938999999999
-17.4341057
3.0162419
-18.8283097
-4.3542339
-19.783825200000003
14.4920088
-19.283073899999998
-5.6867129
-3.3514255000000004
-14.7442495
9.097561899999999
17.8273904
18.8848874
17.2336226
6.0140918
10.1031292
10.4780006
-1.7833742000000001
-6.833066700000001
4.772133999999999
19.898334600000002
16.856604
3.2384442
9.0961037
16.4347283
-17.2045127
19.6209732
-19.6341632
-15.0944705
3.3679656999999996
15.0433107
16.7004135
-15.938686
-2.4789527000000002
15.4357882
11.9625781
14.4644896
12.5771082
19.9292687
-14.9174461
8.574752499999999
-7.068701999999999
18.7264637
14.9151812
2.9415392000000002
5.7441805
16.935454
0.5078377
-5.4843629
8.9942725
6.3505223
-17.1142434
-8.7034973
-4.1614819999999995
11.400616600000001
-17.865848
-7.9923468
9.2891233
8.503108099999999
-7.1202609
-14.099906800000001
13.8274475
-6.2575559
8.5417489
-13.9916255
14.7775627
-15.7648122
9.8321112
-7.4041164
-6.8156181
-5.9605376
17.2325862
-12.0717509
7.6224962000000005
11.755567000000001
15.7407149
-18.5562739
15.501229599999998
-11.259734900000002
