13.289330099999999
-6.9788234
3.1055115
11.2265047
-10.4564432
15.648598400000001
12.8550864
4.0338335
-14.9167537
10.458018
-12.1447568
-11.9927459
-7.6230925
6.5643201
6.723217
17.412993200000003
14.9564426
-1.721957
-5.5324195
-12.1256189
16.1959175
-18.979314
0.9254652
2.1915549999999997
-8.5209522
-6.346874199999999
5.6396271
10.9869412
-1.8901472000000001
9.4010479
8.916274399999999
15.5553668
-7.2143316
5.8849193
14.064188699999999
0.5827452000000001
0.1313929
-17.9694635
6.0536374
4.441168
-13.6477916
-1.8132161
-9.3105551
-10.7930619
-0.011906000000000002
-12.0238356
5.461241
-12.1160088
2.0602473
3.2039364
7.5953192000000005
-9.475820200000001
-8.877299
-12.4430644
-7.015045699999999
-10.673174699999999
-2.5685804
16.910332699999998
-6.514373399999999
-5.6428756
-2.6142787
14.8255857
16.198984499999998
17.3446125
-9.5437727
-16.9924359
11.6858581
-17.0596534
6.4777375
-3.4808176
10.8405223
7.9446942
-2.6131966
-11.7139355
-3.2074327
13.3231336
-9.3256902
-17.135622599999998
8.4658039
15.5305663
11.4214709
6.427701600000001
8.0894789
3.3571535
4.5739111
-13.5655307
11.108669500000001
-9.5120244
-16.7977404
12.200345500000001
-11.9921892
1.6441427
-17.9518768
8.6047185
7.6151348
-13.664930300000002
-17.5765391
14.259253699999999
-6.1897720000000005
-2.0886026
-0.8469384999999999
-12.210456200000001
-4.3082792
-2.3403643
10.0353041
8.8966011
1.2480847
13.9432363
-3.0477474
-12.463765800000001
-2.2682797
-11.2481973
-9.6111073
1.2368287
8.5689583
15.8137109
-18.0467197
14.0542448
16.8337395
17.6266942
-4.5489558
-12.2125181
12.364125
-1.9068082999999998
6.8000564
-6.300388900000001
-9.7701486
-3.0153971999999998
-12.3710752
14.4782204
-2.7420741
17.4333373
-4.5431094000000005
-5.4567098
7.5370894
12.7317972
-1.1674034
-1.3422833
-0.5532638
-18.7971514
1.1561594
-5.4828133
-15.782935299999998
0.9538012
19.2228186
-0.6583005
-18.6474769
-17.9715117
0.735531
-10.3777439
-9.2837772
13.2815417
-4.3810039
1.4686599
1.2661078000000001
15.1749863
-0.4826693
-6.4647391
-5.420416599999999
-10.5028253
11.1936607
9.4364659
9.1834751
-2.8847951999999997
-14.940214699999999
-12.6723145
-16.431887099999997
-16.0700325
3.4096071
-2.3708232000000002
-0.4986728
1.6303679
7.1851187
-4.8667044
7.9428345
1.6964379
-4.992449199999999
10.3998902
2.8939519000000002
-6.2206836999999995
-18.4967327
13.6543689
-3.7878591999999998
2.9332641
14.045174099999999
-6.7511494
11.2807325
-0.4684951
11.660996299999999
13.3400584
3.7150923999999996
-0.4780332
-11.774828399999999
6.894095200000001
-3.8797431000000002
18.3053062
7.2339503
-9.465266
-7.009408100000001
-3.8576894
-3.5365515
11.0484213
-3.7350705
5.200448
1.1933146000000001
-0.7561288
9.1988054
-14.4339277
-1.2647103
-8.6835565
6.0980329
17.5378757
-0.8560319
-17.2543072
-11.556992000000001
-7.492615
-2.0245231
9.4658701
-8.6895497
-13.1526665
4.445778000000001
3.5909598999999996
3.2166302
10.550507
-15.0897451
-4.1368227
-1.2546213
-2.4296717
-3.1157955
-9.144236600000001
-14.9299163
-3.2150824
-7.7139887
-11.6203612
-5.075459
18.5316455
8.2128855
3.7883209
-8.5316902
-1.2627055
-2.1295492
-4.0022195
-1.6753263
8.2306328
-12.318798200000002
2.9647816999999996
18.5501453
-1.0021571
-5.7758991
8.2981379
2.4761836
3.5735196
-10.890238
14.8891822
1.705753
12.4663258
10.9139339
-15.1272328
-0.29391449999999997
-11.032857400000001
4.8016027
-9.552636099999999
8.691584
2.8204485
9.1206598
4.6362185
1.0237720000000001
13.637658899999998
-4.1392938
1.3136136999999999
10.7489463
-12.5738777
12.7103303
-3.8577962
-15.0881893
-6.4916345
-11.147452900000001
4.5215135
-6.2201729
16.6089075
15.042128
-4.4816281
13.201338
-5.5339912
15.567080699999998
0.21018160000000002
4.8729788
3.0805262
-6.5645714
3.2202294
-0.564122
-6.4443214
-15.698317300000001
14.5341885
14.8117514
-4.371069
-5.805034000000001
11.2062862
-14.6096969
-15.2064214
-15.4249477
-6.9499653
-3.4723919
-11.1724199
16.8761848
-17.3516124
4.0418367
-17.127793099999998
-6.565768
1.1989471
-11.1394671
-11.814919199999999
9.9654284
-1.3225242
11.560464199999998
-10.052712699999999
12.3856857
8.652788600000001
18.3273436
4.367047
-0.5460594
-3.2569465
16.3552278
-0.2843649
-7.3414405
13.4210225
13.514628499999999
-14.4288523
2.5259498
-10.8635655
14.9462965
8.5836764
14.6386967
10.2935338
-3.175964
-9.702697500000001
18.3858138
14.0250369
-4.428843
-0.6929354999999999
4.3336404
3.7732144
-18.1417367
-12.9045518
-5.5974968
8.5519928
6.4699675
2.7816825
0.1531873
10.6329838
-11.2076423
16.1350882
-1.9569774000000002
14.191070199999999
-16.711606099999997
7.551269
-3.8395077
-3.7373966999999997
-8.251792799999999
11.1732863
6.5046384
15.4597525
-5.4015512999999995
15.1555733
8.015361799999999
-8.1643318
12.5298151
16.872722200000002
8.3510511
-5.4984946
18.7531654
8.1445568
-4.3937594
8.0531051
-11.754776
-12.6630692
7.8641233
10.185825099999999
6.181001
17.2885046
17.6989365
-11.0176899
1.2287081
-13.1382689
9.0020133
2.3139517
-2.7316233999999997
-0.3620919
-10.937028
-18.9445806
-12.2217774
4.0877094
16.951099799999998
-12.1361446
-0.46284709999999996
7.9689839
-9.8593245
-11.7680735
-0.17911909999999998
-15.4076863
-13.5589591
-12.488029
6.542016
2.6293527
1.1830399
0.46584400000000004
5.4387978
0.622427
-3.6700763
-15.865607399999998
-10.7385682
8.8354929
1.3797625
-13.3464411
1.1976387
-5.0340607
4.2923179
13.3249216
-0.5446536
1.0063199
8.8093352
1.5284427999999999
8.6984549
-5.6893968
-15.403376100000001
-2.3102153999999997
-10.3269693
18.767181700000002
-5.245352799999999
6.4265945
9.199488
-2.1019589
-17.4481978
0.0471086
2.4572765000000003
9.225233600000001
15.9645064
11.8044535
-7.2117785
12.272828400000002
6.6510484
2.5145473000000003
3.1969524000000002
-16.2327489
-12.6185657
-6.001124999999999
9.1074843
-4.7747685
13.8019093
-3.583629
3.7300719
1.1011606
-14.2567774
-6.9238634
4.5429785
-10.238819099999999
-17.2569255
-1.8845741
5.7509711
-4.6296867
-10.6171191
-4.2970001
-0.9720340000000001
-14.933046099999999
-4.3068774
-1.2332815
-15.9319328
-15.433285900000001
-18.735545899999998
2.2742619
0.1380981
0.0744537
-1.6383218
10.9396455
-5.7958723999999995
-1.2374738
8.9520286
2.9804117000000003
10.362645399999998
-6.0491682
-6.4973992
-1.9668422
-13.488694299999999
-15.335822499999999
18.7732442
-3.7142956
7.747388
-4.0307388
9.4158116
-6.356842299999999
-2.611822
3.6155152
-4.1778033
2.7543454
1.7761548999999999
-6.736081
-13.6713816
1.3772763000000001
3.2366577999999997
-0.6738008999999999
18.2152159
-13.0635785
8.1516712
10.819305
-4.659281
1.2830724
-10.3929379
-8.9113968
-13.3593989
5.8708997
-1.9112953
10.6337849
1.0997591
11.5666335
10.8018501
-7.6058300999999995
8.3304369
-16.4796941
8.7158195
-6.7068043
-14.361079299999998
5.7415154
5.710856199999999
-4.5835825
16.121429
-7.7081222
0.187444
-3.8595634000000003
-8.7710828
-9.6713798
-12.692925800000001
10.7475404
-14.604825100000001
6.3116958
2.5109907000000002
9.682783899999999
-4.437086300000001
1.7554685
0.5193610000000001
7.409773599999999
1.8136830000000002
3.0306360999999997
3.6799878
13.3814208
4.8206595
-5.9926645
-12.4034898
-15.6671049
-0.2542522
8.2546863
7.049921100000001
-0.7150856
-7.9680661
0.4637314
-0.7106014
14.496593299999999
3.1340544999999995
12.677081399999999
4.7108974
-7.3182416
7.9696775
-5.6051266
-9.3968698
8.7807365
-8.1971655
-3.7978471000000003
15.202546400000001
14.759687
-7.3360007
-9.7098562
11.9773414
1.9130721
15.31535
13.5613074
-6.6058293
12.1740786
6.4180334000000006
2.0591410999999997
-9.8399531
-0.3102124
17.1841367
-4.4210845
0.9534864000000001
12.7676045
-3.3426692000000005
0.6730284000000001
6.5661374
19.0513555
11.535052700000001
-2.1507742
8.3308787
0.6292618999999999
-13.589922999999999
5.2370493
14.239507699999999
3.9771557
15.8671106
-7.799868699999999
-12.126337900000001
-4.6000077
1.7999663000000001
-9.0243513
1.0330951
0.2273078
13.251168999999999
-14.3710246
-1.6546851
6.4640313
1.3489249
-6.4705477
3.3880277000000003
10.3550459
8.7457545
12.2357481
-1.6776635
-4.5247064
4.561116999999999
-9.7130683
11.4916306
1.3716241
15.87163
-4.1520551999999995
-3.5624865999999997
-6.3646757
-15.7126116
16.3772129
-13.0928907
-2.6558441
-5.5293089
-4.7056648
10.5164019
-0.5736243000000001
5.4065936
-14.2573867
-8.79988
15.8721155
13.465988
11.0292621
-5.8492543
-9.5197358
16.0318849
18.2662107
5.7229501
-9.3497726
0.8379112999999999
-17.3233694
1.1947771
-3.9467874999999997
17.4599424
-13.9246983
-7.1047481
13.7660483
0.5695623
-4.2451740000000004
4.967892
13.8409598
17.5107839
-6.4441819
-3.9123119
-9.2316701
9.760135400000001
6.4771583
0.3889179
0.1039085
-0.18434550000000002
4.979136
4.7857946
11.0750293
2.5955484
-6.5756589
-11.976375800000001
6.5262567
14.384805100000001
-6.642381
-13.6028188
-13.167473600000001
14.8173769
3.6149756
3.8374443
-4.9159046
4.9600482
-7.9522833
-0.3503755
12.1191727
6.751543000000001
0.4628949
-0.0037264999999999998
13.305229500000001
-16.8073881
14.781905400000001
0.26741309999999996
11.663201200000001
8.8075644
0.8838503
13.3690478
-10.0932192
1.8158778
9.0486497
-7.7652395
-15.7393643
13.6278516
-4.900691
-18.7964682
8.8189603
-17.6118114
5.679218100000001
16.402625399999998
-12.478976500000002
8.0502395
4.0410284999999995
-4.342533599999999
4.9497693
-3.0185998
-0.9652670000000001
8.3472264
-5.732971099999999
9.2062436
3.0439
4.9583348
6.6010685
16.0592807
-9.4915595
-9.029000700000001
0.6776283
-8.7721669
10.895733499999999
-15.010164199999998
6.6604938
-9.217752299999999
-1.8604673
11.439119499999999
-11.5328541
14.7592415
-3.7307346
7.4993654
-14.483547000000002
-1.4501461
10.595194200000002
0.838838
3.6993625
3.654203
-11.601241199999999
-8.5357717
12.641909700000001
-14.677700199999999
1.920206
-1.7555532
-13.2389885
9.5224317
-10.703715899999999
-15.133620200000001
3.0378415999999997
6.5809237
-7.6158434999999995
14.0276585
-7.158340399999999
7.8061265
-5.762854999999999
-6.0174003
-1.7215065999999999
-5.086780999999999
3.0023888
13.6505085
13.436920299999999
12.745455199999999
3.9137634
6.0820357000000005
-3.5657864
-16.1171023
-7.1485107
7.280195
-15.313886199999999
-17.2461908
-2.0547174999999998
18.4906182
3.0058665
-14.4400657
-9.0976377
-0.13564009999999999
10.4578076
-8.1191147
8.2724932
-1.8761834
-11.988342
4.3343327
-6.0991345
10.7762818
3.2460506
10.1706406
4.7350476
-16.4199993
-13.3069343
15.7631741
-5.6659592
16.1906003
-0.6748671
-7.4019127000000005
-12.3871769
14.888476800000001
-17.9065446
11.7545129
2.2894362
5.0140719
8.8979147
17.7821212
-2.1875076
-1.8329812
16.510044399999998
8.2163154
4.8988482
8.2134016
-1.1076581
-2.3265098
12.6243906
8.6408499
3.0206008000000004
-9.0737454
-7.110280599999999
-4.2448397
-1.3406411
-6.0871184000000005
-0.17627410000000002
7.361974
0.6002233
14.3246126
-6.2319538
4.0892921
8.1477374
2.6423683
12.8583741
2.2827534
-0.1944399
-12.148068499999999
-2.2507345
17.310802900000002
1.6513761
-11.0446711
13.7976722
8.7074799
-12.0602684
-8.8209187
13.029004399999998
15.805131
18.5395622
13.7662694
9.2548272
-3.7721755999999997
4.6480129
-0.7891396
-5.3389066000000005
16.8782652
10.5416166
-3.7202433000000004
-9.8068837
10.523198
8.6569584
-15.4804155
-19.8322009
0.2234364
-7.0049171999999995
-12.034142300000001
7.5361108
13.2958547
-4.3227067
-16.1851427
-0.5050257
11.546370099999999
0.9450742
-8.0118662
13.7437706
12.067412
-10.7504593
5.512878
-8.1223243
-13.6572575
-5.4181785
8.4127765
-9.092361499999999
-14.6354302
-3.1903138
-9.6455737
19.1751462
5.6115999
15.9461824
-11.446802600000002
-6.2862954
2.1311776
9.4785221
-18.0493507
6.2330718
-6.585584
7.0735679000000005
-0.9659648
-11.8167429
-13.306587400000002
2.759148
0.8122718
-12.3027262
-12.9428537
-5.4513055
6.205660900000001
-2.2407111
17.7451627
0.43988639999999996
10.520552299999999
-1.1900399
5.2323351
0.9011049
-13.499936499999999
-15.6694615
-1.7788129000000001
-4.7567892
-1.7828389000000002
14.368069599999998
6.0171844
18.204697799999998
-16.3701719
15.978892
-7.9758479
-7.159898899999999
-16.2223182
0.1047157
-13.4743396
-13.1739045
-0.41738410000000004
5.1180928
-8.2104087
6.9180726
-6.0150359
-3.8048987
3.8126932
7.4071852
-19.666084
12.0694675
-18.7107536
8.3369643
5.4941594
-17.2552782
-12.3087089
15.066119
0.30409559999999997
7.3153513
14.5161438
-11.6750983
-13.494554599999999
-9.4380173
7.8196468
-1.5346906999999999
8.4582625
-19.3577144
7.9390621999999995
12.0488318
-15.4879839
-1.0607962
6.7045605
4.1382357
-10.1259792
-14.468414600000001
-2.1058223000000003
12.119528800000001
-7.181172299999999
-8.5207427
-12.6412774
-11.9875847
9.551266
-3.6077506
18.226073
0.6898515999999999
7.8807879000000005
-5.2411905
-1.3737938
-6.4305201
6.3230908
-7.994178399999999
17.6973941
-5.4245486000000005
-7.9022083
18.2162133
6.825457800000001
-13.571367299999999
4.9032384
14.0435159
12.519297799999999
12.8898945
-2.3006453
9.1231233
-2.6616611999999997
8.516928
-18.236326
-7.8023455
-18.998092999999997
-17.3162076
-1.731376
-17.1430032
-1.2275217999999999
8.8541802
-10.800201
-7.559983
-13.035012
4.3311367
-14.224439299999998
6.3640587
3.1396704
-3.2314664
7.7116704
-9.2930173
-7.6708348
8.958343
-9.9716067
-15.367764600000001
-1.1632311
-10.304179699999999
6.243553299999999
-11.225917899999999
4.1082092999999995
-9.1324294
-5.3316669
14.193757
18.5119172
19.1851954
-12.287431999999999
15.040901100000001
6.7085094000000005
-7.6161357
5.534862
-4.6310252
-13.094941899999998
6.378936200000001
-11.5486543
6.7146311
7.1756145
19.1429888
-0.5841651999999999
3.1453325000000003
10.6323423
-7.6935897
17.82191
-1.2375157
4.3192217
-6.422554
5.7163672
-6.078303
13.2785733
-15.0726649
-11.885309600000001
-14.830187200000001
9.3558096
-4.5945425
8.6452045
12.5966269
11.6186014
18.3203976
-4.134741399999999
13.190788
15.7347139
11.4296595
11.9960106
-12.7481063
-9.4934531
-1.0459146
14.6887367
-8.0568709
4.117593
-14.421878099999999
-2.8717115
5.8360632
-15.7746876
3.4347388999999997
2.6816328
-1.5020645
0.8356688
4.9929275
-12.7542885
16.4358701
-2.7196114999999996
0.11892390000000001
-2.2339373
-2.0463061
-7.661968900000001
-12.394746399999999
-6.5578997
6.8216881
3.8053887
2.3287914
-5.180694600000001
-14.659785199999998
6.2675023
5.1035956
-1.7348203
5.5656436
0.029853900000000003
8.587299
3.4461147
3.0683246000000004
3.1201659999999998
-5.8216117999999994
15.124422
6.9576021
1.3964469
13.071714
2.5021594
-8.4756342
3.2413306
-9.6143206
1.0133456
5.5388241
13.9822673
-4.3150661
-14.3780773
-3.713673
-17.892338199999998
9.8308363
-6.650438299999999
-7.0445819
5.1935379
4.3055750999999995
-5.337871300000001
0.1807309
-9.5379088
18.095081
-4.7443362
6.4060402
15.1868941
5.1165829
-12.2960536
-1.8484083999999998
-6.829962399999999
4.5956807
8.0701102
-14.0750488
13.5334652
10.444336900000001
-7.1775165
-1.1200222
-11.437194400000001
15.9255632
-6.1297323
-17.7466927
-14.530552199999999
-11.657500399999998
-2.8048707999999998
0.9891074000000001
9.628317899999999
-0.4147206
8.760353
11.871614099999999
5.8708186
-5.109012
-5.030341
7.5947072
-15.9543724
-17.9205988
-9.2845149
-1.5998653999999999
2.6143794000000002
15.261669
-2.7648034999999997
4.3603404999999995
0.5830702999999999
11.1336549
1.9039431999999998
0.8205623
14.928365300000001
12.6137456
1.1786187
0.220779
2.5725463000000004
11.3849376
12.2693833
-8.2981306
6.7309619
11.5111076
15.3296495
-18.461134
9.6937078
-10.683641600000001
6.2473432
-1.9489680999999999
-2.2832995
5.7438812
19.554898
-2.5894478
-11.391362899999999
2.9210865999999998
-10.507009599999998
-3.0277327
-0.5347583
15.0766319
18.3314612
-6.5205968
-4.8660396
5.201893
1.4012360000000001
12.942925800000001
-5.2295691
-7.278463400000001
2.360127
-0.3341668
15.9013718
10.2633406
-19.3630356
-10.7327658
-12.202984100000002
16.297133799999997
2.1263639
-10.552215499999999
17.555908300000002
17.9622828
9.2275303
-14.8902844
-0.2888076
15.5180644
1.2773148
6.282262899999999
6.1249091
7.8592067
-12.552619400000001
8.0561446
-3.1100922000000004
-0.35671909999999996
-6.764839899999999
-2.8359005
-1.1907202
9.950721399999999
-3.8473861
1.2370176
3.4132751000000003
-1.326543
-3.1234338000000004
-16.1372316
4.1457903
10.0858983
5.8327933
-10.854738600000001
15.2103369
-4.459516300000001
-15.0117218
17.613222399999998
-4.8738873
-10.2621671
8.3796307
2.4313932
-6.431620000000001
-19.171659
3.4036412
-18.8921229
7.5222548
-4.6641412
5.7218122000000005
14.9436053
0.6351336
-4.2510893
11.4714825
-10.072246699999999
2.9467995
17.0515999
-7.5639975
18.7445658
-4.4194117
13.6250442
-13.6748108
6.5849294
-8.0421756
2.9397586
4.4161393
-18.591935
11.3026439
7.9613229
10.0970674
-5.3118037000000005
1.0657014
5.4929478
-11.579274499999999
15.3476528
-0.7253552999999999
10.216139
10.1701055
8.270235
14.6946867
5.7156118000000005
4.8605153
14.8837416
-7.615587399999999
-8.3777817
2.8358085
3.0404588
-6.809626
10.4534603
-2.6928549
6.0277728999999995
-9.3957985
4.5950385
-11.6435357
6.792661399999999
-9.4184181
-5.748046
0.770954
15.068805
-4.9731357
-13.0624243
9.5896097
7.6467464
9.2361409
18.3023892
7.7364099
-0.249004
-18.1478995
9.8573539
4.2349429
1.6455305999999998
2.7229305
-8.8551568
10.8207512
16.2555392
14.2426973
-1.0209281
-17.7623556
7.7148627
-2.6702002
-9.6464312
19.8684098
-13.956206
18.4381939
-12.7428894
-4.5690415
9.8764818
-14.125695200000001
-5.7880998
-0.1425192
-0.7036559
-7.0864749
12.1981131
2.9875494
1.8593536
3.0299660999999998
16.3992323
12.626675
6.5875221999999996
-9.4976679
2.8344839000000004
-12.505990899999999
-11.133074200000001
-17.4054449
-5.5076595
15.973889300000002
-5.5318480999999995
-13.643091300000002
-6.8604793
15.0793732
-12.2046685
-9.3775891
5.817820299999999
-16.5824027
-8.3042982
-11.5439364
7.883026200000001
-16.9844224
6.9687347
-8.645712
4.9159147999999995
5.2844614000000005
5.4785738
-4.5535678
-4.7825712
5.8441567999999995
6.0118646
-0.9084229
4.2210393
-10.798665000000002
0.2661725
0.0893799
-3.569677
-13.580373199999999
7.7015975
9.617843
13.6420654
1.731446
-4.5421466
13.637927
1.445291
16.0335201
5.10233
-10.1203083
-14.8310541
7.3679902
-1.7373025999999998
-12.0282043
-10.0586748
-15.7100339
-6.2781395
15.080765
16.1858771
0.6039715999999999
-4.7461104999999995
8.7274716
-8.9852898
-6.281993099999999
-15.2153053
0.4017476
10.699621500000001
-3.8433787
-0.5269667
15.3197391
-2.2082487
-4.161152599999999
-8.7235736
-12.669431
0.0523071
-13.740812100000001
2.9696656000000003
1.565085
-1.7387245999999998
-8.357319
2.5307407
-0.0237793
-6.108835699999999
-8.4965141
-13.365429899999999
7.1950994
14.6503341
-18.1220657
-18.5679402
6.0030901
6.0730016
-2.2848025
3.3384426
-13.543639700000002
-9.681496600000001
14.6821449
11.9786592
8.3912176
7.4196070999999995
12.586896999999999
3.729179
-5.3848712999999995
-10.9855855
-7.8950954
1.2450763
-0.9812106
-9.01167
1.9183842999999998
-12.079531099999999
4.7542884
17.3449617
-3.3114316
-11.8196373
5.8999279
12.6602061
15.3585528
11.3522842
12.5185291
-9.9423449
10.6627297
-3.7365
-1.8382221
6.4168129
-4.0900488
-4.1468798
-2.6277879
-6.373766000000001
-11.336678999999998
6.657171600000001
-14.2748421
2.5558015
8.3889947
2.0312305
-16.247601
-8.4164439
1.2823510999999999
-2.1681141
-12.4256366
4.6568866
-18.2874382
-0.1862856
-15.0483736
-6.316005199999999
11.7650147
12.085848
16.7925773
3.564474
4.3068127
-8.7790004
13.3438771
10.0510921
1.5910697999999999
-3.6428926
2.9400192
5.1846875
12.2159757
-5.4945221
-7.981553300000001
10.293356699999999
-1.5627708
7.18595
-2.2386654999999998
4.4490908000000005
-2.2917141
5.775682399999999
-5.380469799999999
10.022391599999999
-1.4259994
15.0208114
-4.190374299999999
-0.6269701
-1.2226586
-13.0017656
8.070226400000001
12.078495600000002
14.8076938
-4.5838633
-12.0162182
-7.2552889
-5.478615
-0.9246882
-9.4003548
9.2141432
-15.2678111
4.905435499999999
7.7926476000000005
-2.9070476000000003
17.7516859
12.9556262
18.9141933
6.8499776
-11.674034999999998
-11.7335511
-3.0722926999999998
-9.6932893
-13.0798896
14.152224499999999
-12.410845
9.4943452
-4.6106696
-3.7676988
6.0414007000000005
5.384253200000001
-15.3945707
13.2766903
-7.492684400000001
-4.1326423
1.4972006
-17.8125154
7.9522866
0.5163388
11.8134351
-1.3605562
-9.3230027
9.5725328
3.5888062
-0.1333734
10.175698
9.6087703
8.0746851
-11.2231728
8.0033084
18.258575
-1.5827762
11.104412400000001
3.6529876999999997
9.0194005
-10.819774500000001
14.9691654
1.5039802
10.4372395
-9.3381835
8.8129798
10.0130187
-2.174919
11.5586547
2.140515
12.0095089
11.991646699999999
9.6152866
8.7899273
-0.8981388
15.7909184
7.4459988
5.3943386
13.7957087
-10.0022973
0.2003992
5.634357
6.5238464
12.2226575
-2.4065708
-3.3920292
14.8042419
17.3598664
9.6322294
14.5613645
-3.1229145
-8.137542999999999
9.3909722
0.7486593
15.287553
9.8238772
-15.8074266
1.2552655
-0.8552922
16.5182149
8.9130521
-0.47593420000000003
8.0104948
10.4666957
15.2295375
1.7906654
9.9426106
-1.313019
1.4374508
-5.9118192999999994
0.14470370000000002
18.2935849
2.3943084
0.5306933
9.912247599999999
7.1716621
-2.3951987
-0.46084040000000004
-8.0898374
9.7791763
-10.380223800000001
3.1321841999999998
14.545039200000002
7.4536555
17.0803391
-15.6548855
-5.3549283
-4.6683847
-7.8707456
-6.8443700000000005
7.630177
1.8292643000000002
-3.2933681000000004
3.7979138999999997
-2.1175534
-4.9028393999999995
-16.314839300000003
-8.4002149
-2.3793079
10.592370800000001
-10.478804199999999
1.8554046
2.1379908
-17.6258369
-11.5629194
-4.5330093
-1.3022926000000001
-6.5877129000000005
-3.7321763
-13.8869884
11.9265849
-9.6454162
0.1001352
-11.7556372
2.1668315000000002
-16.3234136
15.457423799999999
2.1806894
-5.5945754999999995
17.7783331
19.756949
18.603224700000002
5.1470666000000005
-13.7657301
-7.5602732
-16.918918
-15.2640408
13.492648999999998
-5.8733335
4.1686212000000005
2.0885173
0.605818
1.6872693
10.6000877
-10.9009596
-4.03567
5.4361992
2.6712545999999997
7.5241587
-9.9589454
-14.074954
-13.517670299999999
6.8857902
5.702213
15.9036982
10.303081299999999
-11.818915400000002
8.9724017
6.9059721000000005
-14.3402605
-9.5322954
-9.0983617
-5.6118901
-0.6947244
-10.572459799999999
15.0601806
13.265381600000001
14.696739399999998
6.0470533
4.3204123
14.2217317
-11.9237054
-5.4478395
14.4167943
10.9892081
-10.0745267
-3.2084859999999997
8.3223146
0.0884341
2.0986819
-4.1923737999999995
-14.8588012
8.1636326
-9.261469100000001
-8.881053900000001
-4.8982478
-17.0944112
4.7525867
-6.8933908
-13.671224299999999
-10.8754651
15.4019063
-9.1743766
7.6284212
-6.5521115
-4.5033445
-6.459349700000001
15.067471399999999
-0.8735294
9.4836968
3.9620601
-4.6214451
-4.3650052
0.8607153
6.7509762
17.925673
4.4599722
-12.4349657
10.1427546
3.8240306
-4.632689500000001
3.9666856999999998
-5.8183019
2.2184124
13.413614399999998
11.181869200000001
-0.6699353000000001
18.0093602
-8.8757946
-18.8010625
-1.0615464000000001
10.1751875
15.8258303
3.0855626999999997
0.8706282000000001
6.8033508
15.7289391
-9.5924412
6.9160946999999995
5.720014099999999
19.0627042
-15.395200500000001
15.779503400000001
-12.6152619
2.6709365000000003
10.5988787
14.9104694
3.6445078
-1.4064462
9.726994600000001
17.7473062
8.4636322
-13.7556055
-15.7521752
-4.2239694
3.4196167
16.5832516
-1.3286079000000002
9.3980272
14.6566074
12.2359331
8.3302842
-10.665640000000002
-4.133298
-2.5801861
-3.2434515
9.0958629
7.4177262
10.5951591
-12.048195
-1.1353554
12.3538924
-4.00926
-0.8860483000000001
-5.2740394
5.2928356
-5.655444999999999
-1.5811705
-14.0571526
2.6172948000000003
5.9942417
-7.7894353
-7.3291052
14.7954997
14.6592441
8.0583236
11.088124299999999
-9.0264304
-6.7273049
1.2751423
-5.6479645000000005
10.4178854
-17.3364962
-7.9578483
0.7946093999999999
-2.7518435
-4.715004599999999
13.6849823
0.0127665
-4.4999419
15.3057654
-13.014682299999999
-2.1018874
-4.6612579
6.0386204999999995
1.0875234
-14.3991958
11.0175506
3.3141766
-12.2780226
-12.5597027
4.8742161
-3.9198635
16.993984599999997
9.9900219
4.0284265
-8.372278999999999
14.568949600000002
4.3820631
-12.489414400000001
11.3485267
0.7859782
-11.5403342
6.1795344
-11.398014
4.27157
-9.335973599999999
12.6582384
-17.595644
12.1660241
-0.319726
-13.1670743
13.174769
-19.320753
-1.5238183
-11.3409302
17.3835126
14.2907234
-13.3832577
11.048605299999998
-7.739122200000001
9.9589088
-18.1882124
-15.598678999999999
9.6714052
-15.062053
18.756019300000002
-5.8290692
-2.0730242999999997
-14.369883600000001
-6.0831397
-15.1936421
4.3421473
-2.4643788
-10.434534300000001
-5.3786236
11.1073623
11.5947371
19.4791819
5.1355354
14.873632800000001
-1.0731278
15.3740124
-4.4970694
-10.0682221
-1.3001966999999999
-6.5587401
6.3574143
-18.2611651
14.386008400000001
14.6132108
15.5387405
-5.3198172
-5.575467300000001
-1.2422334
18.5201785
-1.5904928
16.3710991
-1.4851067
-8.7951682
5.5480792
11.3252167
-17.9917945
3.9689613
15.0279661
-8.9064359
-2.5055487
-14.1207916
7.4683337
11.7130205
-10.4793648
1.3329570000000002
-11.8278533
13.4610006
-3.6056613
-1.6302477
-13.1910968
-3.7090815
16.449114899999998
-2.0027606000000002
-3.5618556
1.9415081
-8.396156600000001
10.593949
-2.591374
10.8105605
-3.5371550000000003
-3.920139
-2.7469927000000003
0.9483266
-14.6344175
7.586996
-13.0541582
9.2573321
11.3420202
-16.0135337
16.3222531
-3.9286385
-0.8630146999999999
6.4125406
2.7523962999999996
5.660392000000001
7.8958398
17.4864532
1.9461722000000001
6.7430612
-2.320435
-8.798696099999999
-4.0105626999999995
-18.494967
10.0860744
6.460387
16.0225121
9.9981275
19.353485499999998
-13.2957583
9.3118227
-4.0399915
4.8413185
10.3070735
11.4473866
16.0662969
1.2648929
1.2246215
-0.16073579999999998
-4.517257900000001
0.2653883
-10.0592909
-14.7063766
-0.70604
17.8781846
5.752528
5.5533123
18.1001394
-10.0623919
2.6367265
-14.5157053
-14.1995504
-9.1116874
8.0829203
-11.9260473
-9.953602
-1.8459216
1.8130537000000002
-10.6723877
3.8180855000000005
1.6564918
14.0525839
1.6212323
-17.1558949
19.222642699999998
7.3054944
-9.1975825
-9.7867098
3.6741598
7.5211198
3.7784701999999997
3.5405359
13.9781282
-8.464400000000001
-0.2053434
-2.7266992
5.712288600000001
3.3914351
9.930833
2.1172399
12.9956563
11.5810204
7.3815729
-6.8711751
-14.3080965
6.622279600000001
-3.9487728
-2.2409412
-8.489596
7.3021653
-5.075493900000001
14.3506898
10.5639307
-4.9580166000000006
-19.2211307
-1.0120657
-11.438891100000001
15.418180600000001
-6.6251545
-10.5528998
2.0657304
9.1259257
-13.9609059
-4.3617831
16.4665702
-7.0507455000000006
8.1458027
0.8652315
14.788785
5.7436252
16.2418728
8.753083199999999
14.3144362
0.9043156
-7.313034300000001
11.4446034
-6.0454918
13.071278099999999
4.8187371
8.1714211
-12.565632800000001
5.5409144
-1.3814646
3.9218096000000005
14.5379539
-9.0776634
2.2347291
0.8375483
-14.8597784
-13.4642264
-0.5224502
4.5066128
-10.549821999999999
14.797219199999999
-2.1194421
4.3023573
5.3574206
7.1755052
-12.7164206
5.898362
-9.9774087
10.6962041
-10.827513699999999
-12.693418099999999
-2.283632
-15.4534393
9.761929
5.922115700000001
-11.1261041
-8.9357181
-14.9513331
4.3919739
-7.249170299999999
13.1503217
4.4168576999999996
2.7636577
6.641751299999999
7.0581119
-2.7229973999999997
-7.1575859
8.5027086
-6.3376838
10.069252800000001
18.9861749
7.856238100000001
-7.3559978
-13.390289600000001
7.2443597
-13.7399677
-10.343682300000001
-7.189860599999999
5.054827
4.4081794
-15.3853225
-3.5405545000000003
-6.7954728
12.9762512
-15.309876099999999
-3.0168756
-9.4763114
-15.5350479
-0.5396567999999999
-14.345471700000001
-0.36874920000000005
-13.2778972
-18.3719616
-2.2279923999999998
-16.2005739
-1.8966673
-17.5262396
-0.2759862
6.6233061
-5.5902176
5.0931216
-14.862530999999999
-8.1337355
-8.8697613
-16.703938
-14.8777234
4.6554374
11.963235899999999
-6.9582026
-14.3561401
3.2636714000000002
-8.0436013
2.7444175
-7.3757321000000005
0.2252037
-19.0716945
12.1650516
-8.561307399999999
16.032254000000002
-1.5067731
1.7913904
7.9369392
-11.8875517
-3.6142662999999997
-8.6384142
-16.079843
-11.4380984
3.5740855
-4.5162595
13.772471000000001
17.5989142
0.005413599999999999
5.1560065999999996
-14.650421699999999
-6.6325252
7.5576471000000005
17.173227999999998
-16.0886627
1.0795788
-9.9012257
15.154376
-5.9976976
3.7850299
0.7229810000000001
19.2233169
17.6716844
-5.972212799999999
-2.7849581999999997
4.3103895
0.9006215000000001
5.3999533
-10.220718
-3.0063903
6.2833511
-11.0072751
-9.8799343
7.6018243
4.836608
-15.4866274
-3.2407997999999996
-10.935957499999999
5.8020168000000005
0.5535289
-13.141284800000001
-1.2585979
-2.7389272
-4.6806379
6.1198296
12.318356000000001
0.3120133
-4.6620691
-0.5917754
1.0160347
-5.0905776
0.3058164
-17.1934411
-11.5945246
4.6734131
-2.6576576999999997
-4.4265514999999995
-15.2458686
-8.9295939
-3.2662106
-16.334360200000003
12.3649927
15.314235799999999
-0.33977670000000004
-11.4361742
-7.6119641
-15.1960891
-17.9673053
-10.1446664
11.1979458
3.6855191
-3.2853225
-14.972340099999998
8.1922571
-0.4841649
-0.5328882
6.8626696
17.1761494
14.3521056
17.1161276
-2.8604412999999997
-13.4616226
-4.9410204
-12.63405
12.4433501
4.0174921999999995
-7.666053600000001
-0.5848301
1.6159859
-18.9093884
11.5848647
-0.3432223
-8.2499359
-8.549352800000001
-3.5224081999999997
0.8133214
9.8549734
10.4545249
13.0463347
0.4244894
14.333137200000001
-5.4388198
9.2318627
-10.1710733
6.5961675
-14.753132700000002
-18.740565
11.7549604
-1.5233952
7.711930300000001
-12.235601999999998
3.7957411000000003
-14.816624999999998
-9.2554342
-6.6314165
-9.0006389
6.0528013
0.569244
9.403585399999999
-11.0087626
-8.0600669
12.580311400000001
-6.606611699999999
-7.3686851
-0.28791239999999996
-2.6988892
-0.9261187
0.959943
-2.5946575000000003
3.8333445
-2.8092437
-19.4767584
13.3393608
11.6731373
18.0198316
-6.4888959999999996
-11.970766699999999
0.4135756
3.1724104
-5.0256268
6.8388826
-13.8811438
19.4878581
7.4504106000000005
-19.3124307
-9.758686599999999
4.5590323
2.9287191000000004
2.6392134
7.711795499999999
-5.1684569
4.0193968
-12.9222756
-1.6031315000000002
-16.8517453
-15.582922799999999
8.2977554
17.2318729
12.6523882
6.2778804
12.2794621
8.2914078
4.230622
4.5645875
-17.994626699999998
3.8754581999999997
-12.472473
-16.5558943
-3.7909179999999996
1.8747541
-7.6637946
-5.848271700000001
4.6553006
5.444546
7.9396511
-15.166193900000001
-11.6770622
3.6182942000000002
4.2885502
12.306138699999998
9.2618495
1.2777509
12.9058757
-9.6714265
5.9121915000000005
8.2054624
15.2785537
-4.7628182
-1.8848177000000002
-12.918151
-15.113440700000002
2.3864035
5.8615118
2.1753983
-4.0817284
-7.5920117000000005
15.5011389
0.3285125
5.115148899999999
-2.8006675000000003
11.032974999999999
7.1263838999999995
16.6237706
4.4915816
-12.4604329
-13.6205216
12.917604899999999
-5.272934299999999
-17.6866015
-10.6804317
13.8839778
7.1725695
4.6285359
-10.782761299999999
15.5937671
-2.8158253
1.2017507
-16.6886084
3.4400022000000003
13.679640099999999
-9.7116858
-1.5835221000000002
8.8977435
7.197435400000001
-4.3776019999999995
10.389327399999999
-14.544489200000001
2.7402325000000003
-3.723157
-9.917437099999999
1.1423559
-0.9252122
-13.8945106
6.4202042
9.5567241
-13.404776199999999
-1.0655311
13.2821679
12.4938193
-11.3588057
2.6201771000000003
-18.8081013
6.772263000000001
-2.6601866000000003
-11.3154621
2.6340202
-1.1013277
3.2307821000000003
-9.9982987
11.4908564
-13.340986800000001
-15.5017776
-1.6146129
-7.2553594
5.7796421
4.9166576
-18.6056181
-19.326955
1.3318887000000001
-4.0017887000000005
-7.1719748
-2.0194549
-1.2580728
11.1908792
-2.6454445
-8.7985257
6.3131753
0.1647989
11.3173952
8.4652815
-13.3457061
9.7630564
-6.2051564
-2.9713143000000004
4.9681209
5.8543435
-3.7706527999999997
-14.5539835
-8.1220541
0.0017576
12.2260323
-13.709833000000001
9.0301002
-9.3740675
5.9426491
-17.5732779
3.5714899000000004
-5.865036300000001
8.5518918
-0.28217590000000004
9.3712518
1.9223229000000002
-6.3305912
-1.5138197
0.056385500000000005
-12.251859099999999
12.106793399999999
9.1571407
-15.6380074
-13.5275333
-1.4161907
6.7450554
11.7900028
-8.2616234
15.483333
0.0222879
-10.452355399999998
-4.381020899999999
-9.4091095
-4.6101779
11.9370695
10.7205098
5.03656
8.5624424
-7.712366899999999
6.438156
15.6960582
-1.0961893999999999
-7.0363605
-16.2208462
-16.2451973
2.1252888
-8.361828299999999
-10.394311600000002
-14.6994452
-15.740036199999999
0.7876000999999999
-7.6650599
3.8600407999999997
-6.3319462
8.8297454
5.273892399999999
16.461466
17.8924854
13.8193459
8.905631399999999
8.4588843
3.3242001
5.679428400000001
-17.519068
-18.9142587
-16.551834799999998
-1.91185
-3.5807997
2.4024691000000002
-13.3571031
-1.7967533
12.526512199999999
-6.638456700000001
-2.0615095
2.4989725000000003
-3.6873863
-6.1251606
-4.2673859
16.577747199999997
-2.9794682
-13.2806726
10.331468899999999
11.2616551
5.8579024
-12.2672215
10.069025
-17.367520199999998
1.1120366
13.1895578
-12.009276999999999
-10.351709800000002
-1.379699
3.9899574
5.8536748
7.486826300000001
-14.1251411
-11.8935066
17.0121478
-0.2323926
-9.2069314
19.2286992
15.8602989
-5.0702201
-4.2671627
8.494973700000001
-3.3234293000000004
-1.6794351
12.3415508
-0.9454680000000001
3.8349738
15.0092245
-16.2311337
1.4498993999999998
-5.739554000000001
-7.5478593
-1.8706166
-3.7873025
-12.893955
-0.9173190999999999
-8.9444442
6.735614000000001
14.7497264
-15.8350747
-11.618204200000001
5.040538199999999
12.9433428
-17.385274
14.713045999999999
-9.197031299999999
18.1047398
-5.2575286000000006
-10.434140500000002
-10.285329200000001
18.6780456
-5.8548304
2.7844636000000005
4.531689
13.675944600000001
-14.3507258
-16.7299233
6.0791514
2.1717814
4.3764619
14.9393295
-11.8764231
11.9893236
-15.1683363
-3.8056997
2.0517943
-8.9799046
-8.2209591
7.6234979
5.173607
-5.3578538
-3.6872368
3.3651955
7.6230534
12.2922235
-12.3350726
-18.9523971
-6.8892392
-1.7033786
0.14499610000000002
-13.4918902
13.9453203
-7.4641176
18.0641923
-2.8513493999999997
11.4200125
-2.9197109
-7.1198461
1.6924547
-14.436726499999999
1.1506867
-0.1936656
16.2747457
-16.936303600000002
2.5745266
-10.331446699999999
-15.4699232
-16.7101044
-3.8678764
-12.3062988
-13.362441200000001
18.1352847
-8.6629321
-16.6191359
-10.004992999999999
7.5657013
2.9901058000000003
12.3706636
-2.6114643
-13.8011162
8.4506971
-9.8618786
0.5967119000000001
2.4392309
-2.0986746
1.7520826999999999
-3.2049367
-10.1481652
-2.1403887
5.2022509
-6.9517729
8.1464105
-0.5447489
-13.285255600000001
-14.5014644
14.5074774
4.9017872
-6.0724271
-1.2714964
-14.849298300000001
13.2459498
3.5289893
6.8535623
16.5666214
-0.6172437
17.5668425
-0.8223071000000001
-19.1481414
-3.5458510999999997
2.3781074
-15.2189023
-6.2229113
-10.5250261
5.928188199999999
14.8213853
0.4729041
15.187873300000001
14.9615056
-17.618840600000002
-7.0021578
-2.7068414
-7.453805
17.4031307
-11.162798800000001
9.0934734
5.338178699999999
-3.9798176
4.4968121000000005
-0.0657573
14.2786667
-11.321743300000001
-15.3267525
-17.273769
-8.8068167
0.8514759
11.377666699999999
11.9175567
-5.5278327
-15.753501900000002
3.1857671
-15.8322112
14.0697289
-5.4842198
-13.9050748
-1.0395560000000001
18.4598969
10.920579
4.3300535
2.8674943
13.5306196
-14.854258199999999
-4.5110912
16.5967052
-9.221418
16.943281199999998
11.5891459
-4.0297433
10.0512504
-4.0259109
6.983555
-5.4325585
9.2954177
8.914995900000001
14.2049973
-11.3595172
-7.2982521
-4.8585408
-3.8238516
6.822767300000001
-10.510613800000002
-2.799092
0.6951922
0.1196993
11.6802488
5.3557759
-11.1080425
13.9792027
1.7128588
3.0984398
19.750051900000003
0.9866309
2.6797044
6.6994142
-18.7711685
7.7932548
-7.618517399999999
-7.3649607
-15.7466286
2.7161750000000002
2.0156933
2.909718
-3.3794832
-12.3721866
-2.9031392
3.4916215
16.222998500000003
-12.2524722
11.663315500000001
-1.7811590000000002
-13.7774879
-14.289634799999998
4.4589941
12.144624100000001
12.1941469
-1.9168460999999999
4.2091239
12.945859599999999
7.2070286999999995
7.5040313
9.8710599
-2.4003783000000003
4.6234705
9.6802277
-15.3048874
5.082822
-6.0628526
18.019321
-4.9043922
-2.3647641
-2.4072595999999997
12.3757509
7.626501899999999
7.911232999999999
16.8629294
12.6211115
-9.7365234
18.689181
-0.7464828
4.8841523
-5.8241231
-4.970821900000001
4.2655124
-9.466869
13.4309355
-16.088054500000002
10.639347800000001
-9.4932509
-13.072633000000002
-3.9674326000000004
10.3295563
12.4249854
-9.6206012
-6.5079118000000005
-2.1960403
-1.9794291999999998
7.5170284
-8.4985608
-8.5735445
8.5717312
11.2306608
10.1994141
15.7272405
-19.847122300000002
-14.540119400000002
-9.927521
-3.7904104000000003
9.8178167
-0.1623904
-1.1816692
-6.9689832
-0.8627384
-19.3113134
-12.1082075
1.6573949
-17.2243877
-12.885507800000001
-10.4415446
8.0182884
-4.3003239
8.3479081
7.6382043
-14.0065974
4.6858067
4.5082857
2.2114682
4.9460205
16.9540203
8.5491358
-12.4477017
-3.2433126
-1.040977
19.3331346
-11.121896
16.309757
-8.9559883
-10.4433421
16.165043100000002
5.8298895
-9.2307133
0.21914940000000002
-11.8913478
-18.191914099999998
-12.5326378
-5.234020500000001
-9.6830146
-7.9562553000000005
-10.475433599999999
3.7193991
7.088654
-18.2549143
6.5437083
-10.3985196
-16.8579224
-7.806229200000001
11.454226100000001
16.2700527
-11.1218515
-12.391036
-0.2367351
-6.4874911
-14.680057999999999
-7.4752156
-7.8642813
0.47501420000000005
8.214636
7.352368800000001
-2.3491370000000003
-3.1766836
-12.097212500000001
-11.3152899
-15.486118699999999
12.7636435
-5.831523999999999
-7.1049445
-0.37319339999999995
-1.9807993
5.545704799999999
-7.232583600000001
5.749374
-14.287767200000001
-1.8650138
-2.9209014
1.9951157000000002
13.6376575
13.5752676
12.050738599999999
-0.6170602000000001
1.9906631
-8.327546
7.215777
-14.6342607
-0.7635881999999999
-7.186335400000001
-9.6201529
5.138316499999999
10.4784682
10.0810772
12.2786321
8.2884957
1.0660816
12.9279279
4.1426516
6.325202900000001
-10.7682988
-10.273781300000001
-6.1117247
18.4728275
-12.3878892
15.298402799999998
-5.8619586
8.0636305
-1.0908642
13.322518500000001
-3.7616615
-6.850266
1.6556427999999999
-4.1299043
18.5690327
-12.23343
-6.745929200000001
-16.256564100000002
-15.8280091
-12.9884604
-0.6379429
-16.8550201
12.223649600000002
-9.561881399999999
0.2814532
-5.9371945
8.3294874
-7.9237899
0.7668275
17.7339509
-10.182629500000001
-0.7515674
-4.0294322
-8.4331994
8.697326
-5.6610106
18.675488700000002
-9.0622541
-15.8130304
-5.931332599999999
11.0884708
-0.67245
-7.549632
-8.971481
-18.6356113
10.7746794
4.678104
-16.2612359
3.1248869000000004
1.2980323999999999
-13.1319842
1.546173
-14.670791300000001
-11.0631527
10.485086200000001
-9.438566
-15.798450299999999
0.5005482
16.9292294
8.4099213
14.097758899999999
-12.3267438
-9.6714972
-2.6116563999999998
10.9204118
0.1240199
11.7653345
0.24820160000000002
13.774382800000001
8.0668305
-8.6785306
-14.1820074
-11.451054300000001
0.7145483
15.8460985
-13.6284125
10.0144976
-12.101223
-16.3899595
16.9130647
-9.7268075
7.8119781
-5.521238499999999
4.7416925
-16.9626698
-16.340763300000003
7.3911476
-12.266505
-7.977573899999999
-13.241636900000001
3.7023757
-13.484848199999998
5.9827523
-0.792226
16.261610599999997
-0.18926929999999997
11.5705413
19.4179295
-0.735791
2.8046477
13.7640303
-13.084432999999999
4.5226592
11.5987024
4.2560063
-1.7036741
-8.1867549
2.6139629
13.450503699999999
-16.4452422
-6.3520361
-13.762860499999999
0.9528953
-13.7170541
-0.5918065
12.7922522
18.352790600000002
0.6625962
15.975515499999998
16.0685628
2.3005063999999997
13.8089394
-1.4421878000000001
-15.4254104
-15.465293899999999
-7.8646811
5.4344467
15.4407261
-12.1594948
2.0698136
-14.162572299999999
-15.5610257
16.2093624
9.771799399999999
6.395929499999999
-3.3180253
-7.163415199999999
-1.7638578
-4.5871798
-2.6042145
-17.717528400000003
-8.9886306
-7.682011800000001
9.6247869
-5.892686
6.1377097
-0.7457321
2.5363308
-9.931849
-12.0810943
-5.3223268
3.0561103000000003
-4.6192652
-13.101910499999999
10.3276063
7.3632669
13.9451118
-4.8893671
8.2593398
-14.703444099999999
-17.265667
9.4876083
8.7557896
15.5532963
0.5888649
12.7777518
8.5615676
5.1299220000000005
-1.0501205
5.8221468000000005
-2.2608779
-6.1185088
-9.7546571
16.4915722
7.9390505
15.3598498
7.7470524
2.4272332
0.8275245999999999
-14.5583054
3.0561165
-1.7956798
-2.8775715
14.4015726
-4.348294200000001
13.523759700000001
-12.6042432
13.2499757
-6.6570475
12.1445634
11.0027266
18.7631014
5.956636700000001
14.158433
7.7885929
-11.695272500000002
12.0971614
-19.3384373
14.431342299999999
-14.6406104
-2.669715
10.6921111
-12.9593142
-9.263425999999999
10.675533
17.8839329
-15.8334392
4.0071963
-6.4128332
-0.8650429
-2.3543546
19.361311
11.937417499999999
7.835685099999999
-2.5818801000000002
-17.2263876
4.9228716
11.6627069
9.3980514
0.8638644
-1.3512686
-12.332766
5.7036373000000005
-13.8245612
18.1334838
11.380842500000002
-2.5091756000000003
-3.5430969
0.9842395
-3.21502
7.3978728
7.5771600999999995
16.1017351
-4.2147570000000005
18.0727479
-3.4173533
11.9640065
5.465415500000001
-15.9497486
7.3197993
-5.6286551
0.7073701
-14.960099499999998
0.8653399
17.1633852
-2.6785682000000004
6.2307907
5.9898112
-12.746486399999998
0.23491679999999998
2.8807125
-8.3841368
-9.9705254
-2.7719961
2.6653534000000003
6.683032399999999
0.9420529000000001
14.7577737
-2.1866386
-12.6676489
0.9168341999999999
-9.1262466
-6.7162296
19.044709
-14.1924297
5.5444089
12.251223500000002
1.1817442
1.5315219999999998
-4.3091888
3.6790329
-13.4192955
-2.7632079
0.8582899
-4.307851
-7.8208633
7.4120345
19.412045499999998
-2.5022344000000003
7.3260326
-1.6201419000000001
-10.54955
-19.2252107
-7.9615242
-10.1471924
2.3270158
3.0701064000000002
10.9263075
-16.368557
-19.3012047
2.4225271
11.0340767
-3.3055158999999996
9.0453971
5.344851200000001
2.1194382
-0.6079674
16.7093283
2.4402492000000002
4.2729586
-14.414713999999998
17.303476
-7.4329198
10.868573300000001
0.1581458
-3.7080414000000004
-3.9294838
-14.528563400000001
-2.210069
12.8262713
-0.42953040000000003
-3.6625362999999997
-5.0883533
17.6529785
1.8904129
3.1559654
-14.237394
2.1046807000000003
1.482907
-7.0796832
4.4490846
-14.458803600000001
0.7133607000000001
12.5668563
-13.911704299999998
16.543790899999998
-1.9718088
-17.5758385
12.0581248
-14.8447407
8.9099496
-9.183043300000001
13.9705721
11.817891600000001
-2.7890637
15.507161900000002
-5.5966357
-9.9589859
12.0977693
12.529199100000001
-2.9467696
1.4628055
-7.1053288
-7.7322766000000005
7.6014254
-1.4517194
13.9535461
10.0615362
-3.2484179
-0.5719979
-4.6383381
1.0872655
-7.8098602
6.2691824
-8.7072152
-1.8947533
17.8348223
-9.2774839
-0.1169299
10.165876500000001
0.8233676
-9.573358500000001
-17.3116818
-10.207758700000001
-5.1759149
-2.6379455000000003
-6.7936501
7.1252594
-17.6232983
7.819463600000001
3.2391955
-12.3657367
-19.4801113
-7.2495889
-9.9496798
-4.6316834
-9.132316
-7.865766
-7.2095894
-0.4596091
-5.9050275
-0.3585133
9.278595000000001
17.1343517
1.9786623
10.3572439
-1.0485404
8.8491614
-10.865208500000001
-14.218331000000001
7.980331700000001
-10.1073924
-13.8042181
14.079611
7.6057636
-4.7862618
3.6261444999999997
1.0892995
-5.6057623
13.695254199999999
-2.5145629
-16.2177401
2.5231604
-14.3618202
0.8581246
18.178244
5.2400153
-8.8455742
-0.9154863
1.6427653
-7.901622499999999
-3.983488
17.3343747
5.9475529
-10.6351592
-16.2821115
-16.0389319
2.8326247
-5.7344674
-9.1581786
9.9066439
4.4897208
4.9478899
1.290235
-14.496909700000002
-2.619192
-2.4423496
-2.6651471
-9.7490371
0.059339300000000005
-16.8361843
-10.728984
4.0647340000000005
15.8413806
2.6313674
-4.4124967
-4.399813
4.313994
3.5431106
1.694375
-16.5104406
3.2882098
8.0774899
-4.7352039
3.9185043000000004
6.3042218000000005
-10.7751943
4.9863713999999995
-9.7048543
-11.384268400000002
7.0537207
-5.2738477
-11.009633200000001
-4.9785806
-0.6985878
-19.6375528
3.1378027
11.934359899999999
6.3826035
12.2581687
-4.885993
-10.219357800000001
-1.7080866000000001
14.002990500000001
-17.511421499999997
6.4572541
13.9021029
12.8068849
11.327931699999999
6.6787766
11.525889600000001
-13.798244299999999
16.1034415
-13.856548600000002
-7.5600604
-0.6724335
5.539522399999999
-9.2250958
-1.7312065
2.045335
3.6884472
-15.8699257
0.1659969
-7.8113066
-4.2053986
4.7214564
-4.063927
-8.9019779
-8.7105105
-5.855527499999999
-5.736535699999999
-3.7384041999999997
7.277703900000001
-12.169367600000001
3.5073703
13.5917887
-7.209033399999999
10.589939
15.6089865
-8.8564754
-2.3481027
17.6251696
-14.5804457
-5.6747366
8.322892399999999
6.797671
-11.1387699
7.622173299999999
8.4094512
-2.2000805
15.4336228
3.1453606
-7.9837434
8.8532357
-4.0639204
-16.6099939
-7.5453301999999995
-1.9982256
-1.1117821
4.6878649999999995
3.140086
3.3151588
8.7497229
13.292069300000001
2.4951317
4.6325468999999995
-17.1984522
-7.9741796
8.426669
-3.2049844000000003
0.9890449
-2.5869069000000002
0.8084108000000001
-9.0791323
0.45670560000000004
-8.3645602
-13.4951733
-3.5210037
-5.8277016
-9.2324928
-16.5562003
5.6528202
0.5055395
10.8178459
-10.465219099999999
9.708157700000001
4.854638
1.0386851
0.7835909
-7.7684483
-4.0000816
-12.587418500000002
-12.1937183
4.9745761
4.7480495000000005
9.4454481
4.868624
-16.171404199999998
-11.430439100000001
16.3492077
17.5907756
4.9755488
-8.3744701
0.5771163
-13.4351815
-0.5387845
4.7985316000000005
13.9103506
11.400606
13.6250936
-5.9100511
-14.4191534
7.0367106
4.2787118
-10.226801400000001
-6.1188292
1.6948679999999998
7.497478999999999
-9.3063937
-15.1025165
-15.4129179
-4.060002600000001
0.7115156
14.575195599999999
17.665769700000002
1.8690504000000001
7.9569462
2.0136558
-5.0985849000000005
10.9388507
-3.2935226999999996
15.101996300000001
0.9012328
10.2082316
-4.4962308
17.805887600000002
-14.3293158
-1.3890502
-14.659047399999999
-8.5259634
1.632136
-3.0027976
10.641009500000001
13.7326363
8.935119
13.7902116
-18.3072777
7.023978499999999
0.9402352
17.218845899999998
7.8468299
-1.1561285
-1.7728357
-0.0821645
0.5457936
-1.9544898000000002
-16.081487199999998
7.0967651
-4.229469
9.573405900000001
-9.3622708
-3.5657391
13.9050475
8.294920600000001
-12.4459049
-9.942415200000001
17.1580428
5.8252115
10.567885
6.7614312
-8.6518443
14.213304299999999
2.9340336000000002
6.6972527
-8.2354366
1.9891975
4.43212
-15.5472476
-0.36686300000000005
2.1949085999999998
-2.698422
-14.548889999999998
-10.615443
12.3858681
-19.316397600000002
-14.7718213
5.2142174
-6.448759
8.5592947
-9.1793012
6.3242224
-12.9786094
4.8668816
-13.3980055
-19.0655307
-10.9355836
-5.3714229
12.8645231
-12.089691499999999
10.961476399999999
-0.8587358999999999
11.7029492
18.607534
-12.8114092
12.0009993
-4.4684483
-2.7446857
-2.0907958
-17.5368053
-7.6240777
-4.6226319
8.220226199999999
1.6332684
-11.8112654
-11.1500477
-16.848407899999998
17.155586800000002
5.658562399999999
-13.4403192
-6.5349501
-4.5518447
9.1692327
-14.0172009
-2.1003145
-1.21684
1.2058929999999999
-2.6916994
0.7669047999999999
9.0084275
13.9105345
5.4163564
17.1313799
-14.9755749
-7.7841302
0.7228517
6.9548235
0.9038691
12.4673543
11.2025026
-16.4306625
0.49548349999999997
3.0386376999999998
1.8594601
-1.978085
-15.8690781
16.658372
8.4597724
-5.647087299999999
-9.5419512
-16.292626600000002
-17.1937762
-9.347756
-0.2961588
16.101776400000002
8.276764100000001
4.548970499999999
-5.817184999999999
-3.3418756000000003
-4.9008488
3.9528575
10.7140636
-6.7456563
-15.692993699999999
-14.3627811
2.3356556
-10.193410199999999
6.4875861
9.0134531
9.695208000000001
-3.9509949
-4.8227414
2.2807166
3.9765984
-0.5371381000000001
0.96516
-5.7752907
1.5556478999999999
-2.7756292
-7.3464442
-0.35247239999999996
-4.227701
7.962193
-18.2430008
-9.0044547
-15.8703991
7.9346234
14.8744841
12.4667378
-4.3847856
-16.6107008
9.5399748
-12.3097137
11.3804466
-16.3333443
17.311649199999998
-13.3570256
-0.4841444
-16.1659201
-17.3528126
3.7965762
-1.5155334999999999
-4.0830789
7.842003200000001
-4.0780305
-5.5971172000000005
15.779469999999998
-1.9209531000000002
-9.1545209
14.474916499999999
-5.646712
-8.7214926
1.5195579000000001
-15.9145589
-9.4526857
5.040507
-7.9038129
17.6448043
8.133752399999999
9.2498551
-12.0251722
-10.2694272
1.8633519
-4.9371278
-7.7249001
-14.601525099999998
4.7184981
-13.4166446
2.469682
-13.7241766
3.1540193
-15.3503487
4.237893000000001
16.5851751
-4.2677231
-13.4045821
-6.4348787000000005
11.823415500000001
7.3021929
0.4622955
-2.5136466
15.810358599999999
-1.0172685
17.672806599999998
-0.8528998
12.920151599999999
1.5364807999999999
17.1098894
-5.2390246000000005
-7.5991483
-17.6459855
10.6900186
-13.1814211
6.6906142
2.3161286999999997
-5.2817102
0.2073954
1.9835422
18.7661133
-12.7124329
-15.1295706
-15.1216035
1.3048316
15.2747864
-2.4521226
10.0595059
-7.1396884
13.1852386
7.1300947
3.0801816000000004
9.0412742
9.590915
-4.7252439
-0.5264623
9.5502703
14.6350445
-14.814019100000001
4.9506997
8.7364351
-11.3095824
-8.576110700000001
-13.851574900000001
4.9160001
15.6564205
-16.2002387
1.0506516000000001
-18.3014668
-19.7868697
-0.22043700000000002
9.9891498
-17.5488299
1.5519628
-6.826555
-17.3470277
7.0655673000000006
-6.0621177
18.1917842
-18.178768299999998
-13.102524
-13.769640099999998
7.9468876999999996
7.907625
2.2174207999999997
6.7784249
-12.6412517
17.457210399999997
12.204181499999999
-10.766103000000001
-8.9188206
-3.9251017999999998
-9.1096656
7.27195
0.3860068
-1.1070585
11.964868899999999
13.8374109
9.902714600000001
6.9498803
9.259834
-15.690974599999999
-4.7346565
-0.5525113
16.1037474
-2.0146879
-9.3587702
7.845084000000001
-3.2778308
-8.391036
-4.4337224
-1.1057247
-8.6142963
3.1049770999999997
-11.9282277
-4.55048
-3.2157916
-5.4902119
-12.155898
3.1921421
14.2524441
12.731442
12.1360319
9.4287748
4.6575547
-16.878607199999998
-0.304302
-6.2032747
2.638264
-2.2421895000000003
6.8674168
-4.8976523
-3.7805513000000004
-8.2957406
17.5021157
12.012842599999999
-13.629302000000001
-12.961682699999999
19.484273
2.0524197
4.0636706
-4.927694
11.2376816
-3.6989625
-12.969908
-6.2927608
-8.752506
-16.4735007
10.2210362
-15.2328393
10.833629
-5.6192394000000006
5.8778108
-2.132654
-2.9514031
8.8629317
4.9642406
-2.5215643
8.6704138
-5.415057900000001
5.4178242999999995
11.297878599999999
-4.2098758
-8.2755356
-4.7251531
-0.3481198
-18.6740482
-12.9142646
10.8976196
-14.5390503
-7.74239
12.0319494
4.7507722999999995
-5.260832799999999
-1.7283719
5.194687699999999
-4.3489854
10.617699700000001
16.990530200000002
4.2528328
-2.3594383
-10.4140322
12.0427719
9.9797101
-12.100247999999999
-7.6696007
16.8796957
-10.1766858
19.2738808
11.4013725
14.176300000000001
-9.9329623
10.371388
-10.4108031
-0.6405662
-16.5514734
6.4791133
-5.2207938
-6.793963700000001
4.6296819
-7.0958065
15.3760482
2.0225312
8.9902729
5.2925626999999995
-18.0046597
-3.9632795
0.4040421
6.501268
-12.5158072
5.1788434
15.1429349
4.688892399999999
8.1086852
3.3254478
-11.2993961
17.2474217
18.4973516
-4.2411772
6.8164608
6.9164009
1.3974511
4.4000794
-11.739384600000001
4.7643443
0.6867616
18.8583876
-10.301104299999999
7.6952234
-8.4004178
-3.2680995999999998
8.1045828
-11.688591100000002
-14.6080728
2.6539463
-12.814570699999999
9.3571158
-3.0296879000000003
8.860078600000001
0.722849
-4.5415361999999995
14.2760169
-16.0623169
5.7506908
-1.3195834
-17.5361769
-6.868296
-11.996013900000001
0.8789051000000001
-15.1686249
13.6547562
-12.1258091
19.658877099999998
7.987596600000001
-1.8167767000000001
7.8961679
14.835433
3.5639885
-5.3535539000000005
1.2525275
-5.3516687
7.4532975
-15.7473417
-0.0929937
5.9291844000000005
-7.685273100000001
7.1001662
-2.6431112000000003
-2.8118837
5.808235100000001
-17.9436097
-13.8242551
-2.9476551
17.0236233
-6.0960247
-19.6858113
-12.7860797
-11.2462014
-8.9936633
2.0532838
13.282392999999999
5.1232059
12.1270602
12.9444517
3.4178352000000003
-17.1881738
-1.8920505
-17.078665
10.101624900000001
4.1072349
13.474921400000001
-8.9500566
15.845577599999999
-0.7209122000000001
-9.266893
-13.3054859
-18.8609197
13.287404100000002
10.412584500000001
-14.241108099999998
-1.3492713
-11.514266600000001
10.4539688
1.7949165
-8.7340105
-2.1824881
-12.0136686
16.306078199999998
9.189033
-0.6909384
6.3838999
-14.234690800000001
2.6802866
10.4879212
14.2804997
-8.5846979
-14.3883636
3.6308443
-3.1546787999999997
0.8770179
-2.1770366
0.2007776
-3.9226155
6.5067097
0.4602697
10.0851031
-1.2347164
0.4089855
-5.1537613
7.7138838
8.2310983
4.9279655
-12.0502338
0.5733292
9.9515299
-2.0475621
-4.0852293
-2.5879917
14.604984300000002
-6.719331899999999
-7.2694299
-1.1948867
-3.9639689
-13.0303922
-19.5166896
0.0823891
14.397685
15.365171700000001
-16.5782559
7.0662747999999995
8.517756799999999
-5.902695
18.802524000000002
4.7274069
4.3885113
13.6237407
17.0191527
-6.5012401
14.1385332
19.5927306
10.411140399999999
-8.8439
9.383909899999999
18.9389657
-7.706089500000001
2.034687
-4.4723745
-17.8256258
1.7725981
13.4819474
-5.0351502
4.468172
4.3574492
-4.1661611
-2.1955713
17.8179026
8.6243693
-7.200029600000001
-12.069963399999999
10.0692327
-6.0375073
2.8222153
-0.5751262
1.504829
12.5843524
16.3129539
-0.7987023999999999
-10.248100099999998
-13.9977113
-10.142591099999999
-10.1005591
-7.80532
-6.9628186
3.5587590000000002
-8.051953899999999
-1.280526
-15.9128843
-0.8887429
10.3276132
-7.6312812
-14.259973500000001
9.9312776
4.5427874
13.9797297
-16.4768141
4.2492674
17.3747112
2.0851132000000003
2.5568987
-8.3411163
-2.1091390999999997
15.224591
19.4231153
-16.077951499999998
-5.9158786999999995
10.7617703
7.1587222
-18.7057206
13.096342299999998
11.2826456
-9.9145323
-8.642478
17.3478457
2.5030884
4.719628
0.3916553
12.8490015
13.531634899999998
11.613928699999999
11.557132200000002
-2.4446516
-12.6563155
-15.273929800000001
10.3024521
-18.5580279
-7.1225288
-18.322235
-1.9497264
4.589169
-4.6983933
4.706362899999999
11.9637317
-2.9612362
6.110067
-13.1031029
3.0176905
-1.0017836
-2.8274752999999997
15.4689545
-14.438865
-0.7924426
-4.3646615
12.1816543
-11.3371296
-15.373384399999999
-15.7302406
1.1181159
15.710731000000001
-17.7537005
8.2144339
7.090751
-3.2304408000000002
-0.181294
13.675777700000001
3.0515312999999997
-13.7893204
-14.1354609
-8.8986821
-12.0030308
-7.3621274
13.4708186
8.7397823
7.051112900000001
1.015657
10.442881400000001
-15.841981599999999
-9.1084338
1.8534631
6.1449283
13.241696999999998
-5.0455777
10.5494191
-3.1132678
2.5168824
1.6630685
-5.8574953
4.2627904
-9.6710682
-9.629944799999999
-8.062724
5.9084621
-0.7627041
6.2381515
-17.5256299
-3.2338505
-14.4818359
15.8211516
-5.0978486
-2.2315271
-9.1976189
8.6650943
9.005580700000001
0.8340524
15.473908699999999
2.9357613
13.1390779
11.3937674
-13.742195899999999
-13.0481295
16.3203
-4.4353642
-8.317090799999999
-14.5770286
8.153608
1.3905615
7.6074576
18.150747799999998
1.8966222
7.9644966
8.7522901
-5.5092834
-17.9398928
-6.8605184
-13.738008500000001
-8.2681913
8.1718616
-15.776460199999999
-2.4864584
-17.3737272
-8.7123478
-2.1025562
14.7818138
-19.5719519
9.1440266
3.6384068000000003
3.0692228
-18.2206699
5.9382769
5.9217164
-4.3795622
13.4519488
8.874198699999999
16.3138948
7.0713645
8.7280711
-2.60683
-12.9093916
0.2721459
-2.6489488
9.8019316
0.9441433
6.9891332
11.200076200000002
3.4698228999999996
4.023376799999999
-7.055695399999999
-6.5190827
-11.736535799999999
11.7672953
8.9421221
-3.6644707
-14.4073521
-14.5688476
2.2599569
12.9248155
5.0299488000000006
13.011564
1.6950802999999999
-6.0455943
18.0856435
7.564473799999999
8.256152499999999
-9.8761155
2.3102463
-11.6135128
-1.2565114
-10.963308
1.7217238000000001
0.0808123
9.5831614
4.4223021
9.9446017
-9.5341128
13.308860099999999
-3.8558785999999996
1.0744803
-15.531166800000001
-5.9490926
-13.9961695
-15.6369399
-9.3416835
0.905281
4.5902792
0.1401154
2.03655
-15.8295574
-1.3017846
-1.4861642000000002
-3.0190682
17.7775185
-17.949704699999998
4.1041238
-1.1145625
-11.202261900000002
-8.1897308
2.3769451
5.2401234
-5.7659465999999995
-3.6878812
-19.6847927
-1.5343172
15.4284958
2.5831880999999997
8.6524164
-0.9741575
18.1758186
3.471558
16.9650465
-7.668826
5.9400454
-13.8699509
-1.8143401
4.3440429
-9.2522783
-10.0023947
-0.055649
-0.6899392
17.1015668
5.844361699999999
-11.6418428
-10.1356673
-9.5294584
2.6189398999999995
-4.0760806
12.543221599999999
16.3825439
-5.579115399999999
-11.4824489
13.3120774
-6.611252100000001
-12.8585876
1.6520739
-8.5378563
4.6357555
10.412964899999999
17.627419500000002
18.0886639
-11.0580614
-7.0858101
-3.3188254
18.8628401
-18.1395707
5.6770537
8.8977149
-11.5662848
4.4916384
2.5557953
6.2359611
1.2891626999999999
-10.610161
9.8345323
0.6647187
15.1698139
-9.7019312
0.057009
-6.069958000000001
2.3657865
-8.8016005
4.2370788
16.3027136
-2.0957337000000003
-7.705048399999999
-8.3139944
18.088451199999998
-12.0480408
-5.568405299999999
-7.4778056
-13.8537194
7.1646168999999995
3.2481288999999998
-19.7403124
-2.1861828
-6.2433089
-19.8113603
17.0420331
18.6152464
9.8056781
14.7915094
-17.4524436
0.0858946
10.937869000000001
6.7569461
7.6510257
-6.491064
15.318453400000001
18.8844912
7.3189831000000005
-1.0437777
-16.1553748
5.5751216999999995
-2.0200101
-10.4368327
-9.2302269
4.6837564
-0.522919
-9.0012116
-6.9378417
-7.492180899999999
-13.5731666
-1.5210662
-18.2485007
-15.2698568
12.8933044
-3.2593843
7.205317300000001
9.8266349
-15.8920473
1.2709282
3.6920127000000003
-3.7412188
11.8897813
8.003325499999999
9.8971553
-7.831690999999999
9.8368647
15.249134
0.7746187
-7.3237082
5.2303012
9.5815264
5.3854561
16.1299926
-12.357095999999999
7.6348177
9.136007600000001
15.6375488
0.30906690000000003
14.557958699999999
-6.4710424
-5.5665642
10.3169455
-4.3205788
7.331911300000001
5.4669312
-9.248621
-19.3631699
-9.7831444
-12.964244200000001
3.5990796
3.0959183
14.989573
-9.2325423
4.2850564
-11.945188700000001
14.6405972
8.3769126
-17.1575877
-2.5229469
9.0827365
-17.9733225
2.6594707
-5.4665463
-5.9014804000000005
15.1308677
-18.129608599999997
15.6297829
13.036358499999999
6.7138506
-7.643384600000001
-19.0408801
-12.8801065
1.7395348000000002
14.735644400000002
12.0116606
-9.183883100000001
-9.4174612
4.3426092
-10.757591999999999
-9.0274345
12.6451237
0.4016266
5.9224637
5.2900914
-0.4423312
2.4664319
3.5601758
-5.9917723
-14.5218031
-4.356963400000001
-6.3982395
-5.3792152
4.3878029
-1.2099872999999999
4.9359611
-2.448289
-0.406234
-6.0816342
5.9016293
-18.471492599999998
-0.3675703
-4.4841241
-13.2477713
3.0800089
4.5510222
7.6799564
-1.2157288
-4.534420600000001
-19.2220932
-5.8725773000000006
9.3708665
-0.3122415
14.5066952
9.7585172
-16.4540269
-3.1821102000000003
-14.7758449
8.5366225
17.5303049
-3.7584256
-5.202290799999999
18.3027949
-14.0860568
-11.4654817
-7.9711473
11.9638274
-3.5801442
-11.5208546
13.3331208
-10.8854112
-11.8268953
3.6296402
10.4261304
10.7876106
-14.249445900000001
-16.0792588
-3.1002236
-7.661440300000001
0.32443500000000003
-18.7409165
15.578182300000002
6.5587283
-2.5216249
2.5863744000000004
-17.3613176
-15.229803500000001
-16.4363859
0.4753
-17.3011318
10.663011
-10.0387787
-9.4498753
-3.5253159
-14.310213000000001
-9.7772527
-13.1995489
-12.746309799999999
-5.3217457
-7.4474318
-5.3860813
-17.6763947
11.4877722
-16.474669
-6.9511275999999995
6.1665944
5.8098034
-2.3612781000000003
0.1158657
12.2897051
-8.450622
8.1435826
4.1092663
8.70018
2.5178741
8.8057886
5.647381299999999
0.7804985999999999
3.3982055000000004
-2.0831196
12.5014364
2.5828805
14.8785081
6.8843759
18.9990818
6.9751882
5.8618176
-3.5541039999999997
-11.8378215
10.5111977
6.488203899999999
-4.9107283
19.3814225
-0.3483252
14.0578672
14.5319594
7.290674299999999
0.9946279
-3.6893723
10.0878798
-8.7478543
-5.4643965
13.974623
14.476926
-9.6625105
8.5200078
6.6368647
-3.7003699
-10.7347822
-8.1583724
18.6625472
1.7210234
-0.19128879999999998
-18.7230515
14.131108099999999
13.6513975
5.6221293
8.3657239
0.9228219
7.185524699999999
18.585042599999998
13.5175012
-1.3734593000000002
14.3759234
1.0665076
8.5307245
-9.7581042
6.5163574
10.6761938
9.887429899999999
8.664266300000001
11.393666399999999
-7.0519875
9.540197299999999
-11.008361399999998
19.0678558
-9.779047
2.1396677
16.5124487
-3.0521787999999996
-8.4508907
-8.4070497
8.325405100000001
5.148279700000001
-10.7597227
13.050863099999999
5.7240496
9.5040377
6.4875997
4.1193449
-5.6066112
-13.660438200000002
-6.4039152999999995
11.212208700000001
-1.781995
-10.8047988
10.641206400000002
-1.7274007
-8.4461216
7.170544
0.6148961
6.4418371
-3.8207204999999997
16.0190291
-7.6760649999999995
-15.6123923
-18.1151004
-5.3197596
0.410133
-5.2273323000000005
-10.0627861
-7.558209799999999
1.5663866
17.8196066
13.645336
-14.703396
-16.3356893
17.7499663
14.2139508
-9.8347983
7.489995
-2.401491
0.6365516
11.317600500000001
-3.8115593999999997
1.3775883999999998
14.4620272
6.3631345
14.086378
-1.7676018999999998
-10.672899899999999
-2.5561074
-8.2841404
17.1403024
-14.9721074
4.214792800000001
5.1318361
0.2202422
2.1461286
15.675171299999999
1.1352979
2.8822212
-4.8540262
1.4278403
0.10512919999999999
-16.4781599
8.4599759
-14.836439
15.7186599
-9.4069787
11.172090700000002
-13.313195200000001
-9.114136499999999
5.8904439
8.2981552
7.3023285
5.7737012000000005
11.132169300000001
2.4388787
-8.1738529
-3.0191391
-3.4119946
4.0884031
-14.6482484
13.388040100000001
1.0604133
-8.5076633
9.6225052
12.669615899999998
-2.7577053
-15.9525979
-4.044773
6.102238099999999
-1.3332244
-19.739155
-13.4956618
10.144029100000001
11.716787400000001
-6.5393323
-14.574276600000001
3.4261234000000003
-10.515165199999998
10.1774521
15.861231
18.9130535
-4.4992752000000005
3.71957
-1.1660161
-6.6316439
10.480183199999999
0.9345960999999999
-6.4834122
15.271714600000001
-2.7475333
-3.9450304999999997
1.6383766
-0.21542709999999998
4.7025105
-4.7989085
18.1920352
11.5071357
7.9205876
7.4438238000000005
-0.1733725
1.0464686
0.7615911
-1.2678434
-3.2413263999999997
-11.9093761
16.8583718
13.582405000000001
6.2151784999999995
-0.3515956
-3.1349664
-3.5075182999999996
-0.37543950000000004
10.175484599999999
3.4132538
-12.1701661
-15.5282931
-14.050626999999999
11.3686545
1.0181799
-17.0686466
9.5538199
19.2700014
16.904566199999998
13.879278300000001
2.4551315
-11.162700500000001
-7.2742422
-14.178969400000001
3.8972296
-12.5326119
8.1362798
-1.0157542
2.7557438000000003
12.428770400000001
-9.3235847
-12.3002728
-2.586256
-2.3227735000000003
12.6110968
9.6085343
-15.0193213
-5.8223255
16.7113058
-6.977276799999999
13.4914806
17.1705595
-12.5708227
12.9166045
10.150262
9.6195355
-9.0113144
15.617905200000001
12.262662
0.726294
-10.4791817
-4.5769589999999996
0.38496749999999996
-10.7197073
5.779532799999999
-0.16920179999999999
5.1212545
-6.079490799999999
3.7435537
-17.763196399999998
1.7032588000000002
14.088771099999999
-10.6200205
-17.8063034
-2.577706
-16.573497500000002
1.5807472999999999
8.002064
9.5362077
11.2271272
12.8553171
-2.4087715
1.2901947999999999
3.6994231
12.5030187
14.0344482
-13.3746845
-6.0186793
4.4681774999999995
-7.6428447
-13.972824800000001
13.4658583
-7.3251846
5.646663
19.261459
-1.6592857
3.4921553999999997
1.0820178
17.213154
-4.8568674
1.5413431
16.9216727
-17.0003602
6.494549500000001
-5.5199135
12.993674799999999
10.3611328
4.2541439
4.1826923
5.39407
-13.1496823
-18.444773
3.575348
3.6587608
9.4578717
-16.7388388
-4.913143600000001
-17.9451538
9.713228
1.0983562
-13.1753512
8.1089768
-6.5710961999999995
-4.7393289
-8.6191029
-14.876125199999999
-15.235003200000001
-12.0543888
5.3595128
16.0386218
8.9775211
-9.1773055
16.9258333
17.0439289
6.6749322
-6.1156137
7.8722457
-2.9538405
-17.9685499
-3.0631706000000003
-17.838059599999998
0.22211480000000003
-12.1010447
16.7103198
7.052754999999999
15.966673499999999
5.5183152
2.448821
-2.0020697000000003
9.6866357
-6.9973656
-15.4787232
16.0287542
0.8383181999999999
-4.8046625
-5.954517200000001
6.7505835
5.0985278
7.9277389000000005
-14.2325757
6.8475303
-11.5598352
-13.3578874
-16.332750100000002
-8.2146519
14.7546211
-15.478730700000002
5.4235979
17.144323099999998
-17.2340987
-4.2074944
-1.7844072
-15.6090848
-10.8573247
-5.2809542
6.9951907
-12.4304569
-13.925521400000001
14.6344206
-14.117322
-18.1240478
-18.0323061
-11.488765800000001
10.2304028
-6.7439412
-4.291364
-16.5064287
-6.4610705
3.2971778
2.3379449
13.7602947
12.5600448
14.5736851
-6.0592565
10.2330605
-13.1649001
-12.2340174
-0.1915444
-13.0062136
-11.7625366
11.5555901
-5.0983236
15.1668328
-4.9030876
-2.3819048
-3.2170758999999998
17.7832553
17.6483399
8.2991907
-3.0892104999999996
-0.16869910000000002
-2.9261513000000003
-17.7708465
14.944099799999998
-12.658813299999998
-0.4465568
-9.4819394
7.9206049
-18.1943272
8.938766600000001
11.0319069
3.2072007
13.978660999999999
-6.9160091999999995
4.9937398
-17.549604
11.247687
3.8123935
8.211975200000001
8.212905899999999
-9.3884863
-2.7385729
-4.3941094
2.3436182
5.3956142
16.060352299999998
-9.3982441
-8.2515934
-1.2405413
5.257201599999999
-13.534160400000001
10.3280783
-3.4561059999999997
-5.702636
-8.3042744
4.6733922
0.8299814999999999
13.1834203
0.16189699999999999
-5.138263500000001
4.5659934
14.9038681
11.1720661
-2.5222402
9.8095388
0.2560352
-11.390250100000001
2.6158301
7.474385099999999
5.0847361
-2.4187317999999998
13.2732571
1.7608967000000002
-19.8581632
7.320678699999999
-14.2130593
-17.5723957
0.1171126
-5.470712600000001
-10.4975256
-2.2958714000000002
-3.6991251
-10.1086957
-6.0526535
-9.7337021
-12.3902413
18.994082000000002
-0.6973146
4.3453093
13.0709874
-7.2845508
-0.4702449
9.3260713
5.6679123
4.0805756
5.747368699999999
-4.8626726
-11.060406
11.996656
-4.3583334
-1.9534145
-16.8187571
1.5170225
13.299702400000001
-4.8415489
-16.4104485
4.111092
-7.3013771
-14.1345741
15.404533200000001
-0.3003303
-15.2383512
-6.8195418
-5.4216017999999995
1.904931
16.1929374
12.271507699999999
12.010862600000001
2.3225931
-4.7685754
-6.9442003
5.2385447
-6.0986820999999996
10.580717299999998
-16.1692617
-15.7163713
-13.9359744
-10.8139301
5.3054714999999995
0.5349263
15.165066300000001
-13.092891199999999
-9.158687800000001
3.5402071
-2.5415504
8.726057899999999
1.8791026
-7.202929699999999
14.091570999999998
0.5497133000000001
-11.377477899999999
3.307608
18.0982757
-10.0300973
6.0634187
9.4324077
3.4323678
-10.181893800000001
12.3394139
5.316344
12.0671173
2.7695717
-0.0743997
1.4641765
6.4775827
17.0990542
13.980036199999999
-8.307089
10.5668497
-5.580551000000001
-10.4897234
-6.0077976
4.9652852
15.1045658
-3.1076605
-1.0924444
3.7805563
15.9135333
8.9510619
-0.29130120000000004
8.7852956
-11.793308099999999
-14.8745903
8.551953600000001
-18.2433959
5.720672499999999
0.4376678
1.9200435999999999
-13.4287583
10.336233199999999
5.5229665
-0.23363029999999999
-6.286018299999999
9.1869063
0.785108
4.0958052
3.1613065000000002
3.2655467
0.4608777
0.7491116
-4.9991641
-13.5992539
5.9846353
3.3504539999999996
4.8928706
9.2117929
-6.5110442
-17.3878595
-8.6076472
-6.7250815
15.2333759
-1.4079694
-10.5281815
-0.42259990000000003
-7.148501199999999
18.5348109
7.4799256000000005
11.5915005
-6.8440746
1.9438561
0.4205126
-0.5997784
-3.745265
4.625419099999999
5.5138829
-6.3088958
15.5027512
5.569510800000001
14.586027
9.1582757
-0.7414393
-13.2192093
-0.9113412
-2.8045761
-4.6929187
14.1701812
9.798122600000001
-15.328725500000001
7.2767612999999995
-4.2433467
-6.1234437
-8.9488145
9.6124979
-1.1785862
-6.640199
10.853241
-14.3225216
8.5706723
-12.5154347
14.0703134
15.611148499999999
13.175591500000001
8.1516747
0.584844
-5.811851000000001
5.888132799999999
-6.3594601
-12.2648057
4.7133906
9.5443117
-2.5124012
-6.5479313999999995
6.862767300000001
12.8632008
15.322117800000001
3.718902
-6.6463442
-18.4646382
7.6082927
5.063441
-4.530504199999999
12.1231871
11.7285908
1.2187767
15.927768799999999
-0.7912292
9.9193824
9.1667906
-12.430065500000001
16.4703796
0.37849350000000004
5.880117
19.2718608
0.6432957
-5.8912642
0.089296
1.6356637
8.7526984
-3.6210473000000003
-1.8771623
17.5846685
-19.6463504
11.7229762
-7.6087109
6.4058891000000004
19.509820400000002
-17.6868517
-10.195322599999999
12.493135
14.687962299999999
-9.431819
0.22578220000000002
-10.899147000000001
12.4952417
5.3025433
5.4700235
6.998772
-1.8876188999999999
-9.8344498
14.3902918
12.8119198
5.846106
17.172736099999998
-14.2964206
-0.9551948
7.238513
6.038155400000001
4.1144259
1.5426931
-5.4117921
-8.2561899
-0.0578611
-11.681192900000001
10.2525251
11.598345400000001
6.7156659
10.543505500000002
-19.211051299999998
-10.614814599999999
5.288098199999999
-7.778721399999999
1.1777804
19.8160952
-13.866441
-6.5139376
-5.1003691
-8.1625942
-17.2086087
10.2615132
15.6559866
15.635876900000001
18.499015
4.386152
1.7421324999999999
-14.126994400000001
-15.5968225
9.9951566
-13.950541000000001
4.0116601
7.8619534
12.263285000000002
3.130857
15.4104143
1.9796888000000001
18.519287
-17.9737765
-4.1741345999999995
18.0537663
-5.4083033
-14.2871281
3.7970208000000003
15.673211899999998
-10.4535926
-1.9319299
-14.8583915
-9.211553
-0.5581754
2.4355669
4.9548181
6.1257585
3.7797055
3.9976167
-6.7924634
15.1411814
12.2606836
-10.923914400000001
-3.6015383
-11.3358313
-11.6545099
11.332938500000001
-10.9986085
13.6757096
-18.619600600000002
-2.235123
3.1619805000000003
13.083040200000001
-8.559867
13.711096399999999
-14.845560800000001
-16.7984646
-3.8570959
-5.9368453
1.1553288000000002
13.5777754
9.4552658
-15.402037
-14.3980682
10.9237954
8.8070012
-6.259321
-9.7966905
-15.3041166
-13.576155900000002
-0.2799815
-6.219855
6.6366684
12.3605643
10.628722499999999
-12.6338502
-3.0929266
-10.6214451
-14.813266599999999
-9.7842941
-17.2077519
4.488686
6.749213999999999
-10.6254937
0.5162331
11.4910348
-2.8569703
-0.765752
14.859654299999999
-13.2425078
-15.0392154
12.598218300000001
-8.835083899999999
-7.2578694
7.4586715
-15.829042999999999
13.090979400000002
8.6960531
13.5428108
7.715903600000001
4.667217
-9.8570305
4.7373878000000005
-17.9330002
-10.170037
12.821368600000001
16.4044617
-14.7578926
-12.7425851
2.2197033999999998
-4.9834408
7.1247866
-7.0878688
-12.236478400000001
7.4541805
-0.3352256
-14.2786591
2.0758763
-6.4551094
8.97814
-0.3679565
15.1040779
5.3629734
-16.651976299999998
10.609087500000001
7.7123887
12.3408109
-14.6665074
0.0203704
-1.0659508
17.8170541
10.5253124
-3.7731473999999996
-10.0252793
-16.4773231
-9.9572006
-16.57882
-10.095446299999999
12.5995346
-7.3389526
-10.3793678
-10.1715128
-12.711167399999999
-0.6955693
-13.2602943
-19.010555999999998
-2.1902069
-3.7236724
-3.2178127
4.4728375
-18.8577448
-2.2885341
-7.547864499999999
-3.6826409
-3.7544981
-10.494851200000001
6.448433199999999
9.3423985
3.2020637
-10.226272999999999
-8.1866628
-13.9174315
6.512226000000001
-2.9336441000000004
-11.7424505
8.9569792
-0.37778649999999997
-12.155856799999999
-3.3662301
12.8480304
2.4235835
-1.7288758999999998
13.276107199999998
7.1281051
-1.5761170000000002
-8.049205500000001
9.5328356
4.754267899999999
-18.580685000000003
-17.0633656
6.8127696
11.0499171
-15.883546899999999
-17.3989808
-5.4991509
-12.1323364
9.805164
-16.8904398
-5.2331296
17.409913
-7.5084191
-5.5083077000000005
18.6030607
-11.6039888
-5.2212525
16.2215331
6.230323100000001
-11.7048616
-13.190685
-18.0796016
-11.553547000000002
-15.1159275
-8.8800273
11.686478300000001
8.410422
13.4353511
-9.632549000000001
-0.6475127999999999
14.1969513
-11.3107484
-7.2584711
-11.8639192
-12.0461762
2.4580079
18.310696399999998
14.7909095
-2.0371905
-12.805042
14.045049200000001
11.8495667
-1.4916712
2.3146149
-6.1923353
11.7419054
-16.6371472
4.7034176
12.1739845
16.061728000000002
2.6483195
-18.6140105
-4.2330311
14.883303900000001
1.0143563
-8.707975300000001
15.906543999999998
-14.7102312
8.4324099
-13.0078442
-2.0757418999999997
-10.3318039
8.8877026
14.399413500000001
-3.3334831000000005
-9.6725529
-8.694118099999999
-13.3974379
11.920841600000001
12.466167700000002
-10.4559491
4.437316
-7.326039
5.8451534
15.7856453
8.057617
1.5636328
5.262181399999999
-10.708315800000001
3.3622331
-1.4979033000000002
5.7336921
10.5578391
16.535646099999997
-3.5475983
9.157898300000001
7.9371518000000005
-17.1254949
8.8953896
1.380375
-6.4807881
-16.7080978
11.3596413
5.4645694
-8.0920893
-7.1148261
18.592826600000002
5.8297821999999995
3.3676767
-12.5176947
-14.3266119
-1.2010408
-7.678647499999999
-0.2541139
-0.7381216
-4.2063793
3.0586342
4.2660571
15.2731297
6.788626000000001
14.702973300000002
-12.5127871
18.7838661
-0.9047413
-6.0378368
-10.807634700000001
5.119968
9.9486561
4.5715132999999994
-2.6296861000000002
-14.9780576
-14.7771914
14.232708
-9.9500139
-9.0531116
16.4722955
4.7359359
4.5293158
11.8994297
-7.0803845999999995
-11.0500864
10.0104529
13.9761643
-14.845189
-13.698932500000002
0.1098559
-13.0380494
-7.8470276000000005
14.400303
11.098154099999999
-14.7896515
-1.4642077
2.6025705
9.2586128
13.9789102
-3.1023852
-18.356443300000002
-13.0456976
-14.325234
-12.0454898
-5.4003744
-1.3345669
3.2580162
12.1402332
9.3539516
-0.1120167
-15.2175818
-4.0497138999999995
-5.0850453
12.820195799999999
-0.7825709999999999
-9.9835422
-10.460587
18.4049854
12.1116417
12.4107106
-2.7959388
-0.6979876
-8.743663699999999
5.863637199999999
-12.7089703
-17.3905842
7.364787199999999
9.6408575
-5.0688163
0.0730708
2.1916104
5.3254222
-4.124103600000001
13.0818105
-13.614952800000001
-13.7998898
2.9517843
-9.0963063
16.9254759
-17.1882102
6.9562322
6.5086607
11.4558033
-3.1758934
0.5810855
5.9781722
-0.8759077999999999
10.560366899999998
3.4147301
5.1764954
-5.3266979
-17.8846993
-5.0650015
6.6399279
16.0078674
-13.189549300000001
-5.9758022
-13.5939143
16.8479727
5.8344326
-16.0202682
0.8363907
8.0853382
8.1565526
-1.1751518
-9.7543044
5.8832991
-9.1075747
16.9734576
0.5376516
15.905873300000001
13.4027666
-9.3553689
0.126989
-11.0187884
-15.966490100000001
-12.217924599999998
18.8766149
-3.0661118
14.9785547
-8.8948991
12.3770208
-9.0204818
17.631115
-14.661375
-18.2316369
13.731268700000001
-2.5848352
0.2503878
8.5536036
-16.891178
16.8323523
12.4344761
-2.8869464
7.877527300000001
-10.8674069
-7.2358402
-2.3367475
-11.773400099999998
-14.4510014
-16.9005209
-2.0877912
-17.6894499
-3.090553
3.1946768
-3.9346923
12.8927065
4.4458642
-10.846736
5.889346000000001
-14.0756339
5.6940029
3.0693444
-10.3289077
-7.6930613
9.2334896
-2.830577
6.5627014
-0.1190056
1.5056114999999999
-9.291057499999999
-17.6386668
7.641767
-4.8745531
11.3378261
-14.5579348
-9.6663411
2.180684
-6.6595746
-0.042655000000000005
1.4320111
13.118882300000001
-16.6885581
-6.7317531
-13.344496099999999
-11.9007698
7.962718300000001
-7.332795
-17.801891700000002
-14.8859533
-6.9131468
-5.5009556
-0.5703354
17.3010532
-0.8919123999999999
-16.5431405
-10.3421272
-10.4089844
2.058617
15.7289917
-1.1470016
-9.1798964
-17.880464
3.1497266
-4.2673629
-5.4004187
0.010634399999999999
11.6086449
-19.7576622
-4.0737829
-16.1861119
0.59689
-17.4538051
9.6935613
-13.476810700000001
-13.9212448
9.3017317
9.5532229
3.2920388000000003
-2.0734201
15.2118484
-9.662395199999999
-10.7976847
0.7664686
-6.9722189000000006
8.654708399999999
-19.4727743
16.9907328
-10.0938665
-8.5443787
10.8522303
-0.6104458
-8.8021477
3.5025855999999997
-1.9473307
17.874529
-7.7217315
-8.0602107
-7.3142144
-14.5667874
4.5748751
7.1226671999999995
-0.1254428
-3.3445262000000002
-3.8771704
-0.9049638
-12.4215968
-6.8434463
3.3336604999999997
5.753994199999999
15.1947489
-6.345156899999999
-5.3728751
-17.3047189
1.9948443
-0.6341466
5.5067026
-1.5707536
-9.4909471
-12.3972798
-0.055836899999999995
1.9385435000000002
-10.668489300000001
-14.1739435
3.4865895
8.6809456
7.9964822
-9.6996646
-3.1934048
17.6130484
-8.5187525
-13.4934558
6.6670614
7.3753293
4.7267769
-3.2878336999999997
-2.1744977
-5.991194500000001
-4.8749025
13.276238900000001
16.5504911
4.8534723
4.2729397
7.5933383
9.6092712
-1.7873103000000001
6.7431628
17.9775522
13.977147
-14.513198899999999
4.0189292
16.509784500000002
-6.3082713
-3.6853078
-2.4339649
11.0551544
-9.7803453
8.3389686
-4.3391382
17.7175589
17.0489906
11.6481705
3.3488979
-11.145700099999999
12.937537400000002
11.2466926
-14.4938421
-4.4049658
15.1739853
10.7700575
3.5991924
-2.431668
-17.196083
13.2202065
19.0879011
-3.4804708
0.4086462
-11.0767509
10.819818499999998
13.535797500000001
13.1527639
4.3213957
-5.8306916
-4.4790839
16.554085399999998
-0.0889406
-14.5006452
-19.3119584
-8.183273699999999
-7.3931375
-12.9782654
-15.678848700000001
18.9965137
-10.2729616
-14.9256697
-4.218831
-10.3105117
6.9462383999999995
-4.72176
12.5852365
7.923267200000001
-15.1274667
16.914660100000003
3.0914897999999997
1.4823928000000002
-16.6522584
-3.0478678
9.5546364
-2.6450424
3.4316062
15.840287100000001
-11.071930400000001
17.1583377
7.359259600000001
-9.6894062
4.1669905
7.5840273
12.6195653
-10.7554512
7.7467399
9.7974364
9.0083076
7.7002305
4.1206922
-2.5883999
5.509755999999999
6.3023613
9.6504517
8.3933108
-12.0591524
3.1706401
-8.231477
-3.7633319999999997
-6.0884711000000005
1.2467934999999999
7.556271000000001
15.8852351
-13.652941
6.3015493000000005
5.4482797000000005
-2.9222866
3.6192047
13.276196299999999
8.7180876
13.9989308
11.786491799999999
-1.5038741
-9.4324215
1.0296253
15.7331123
-0.3009836
-4.1512057
15.927151899999998
16.6569504
-2.1355261999999997
-0.7307980000000001
-9.9867116
-1.5736789
-6.1478539
4.1026283
-10.750538899999999
9.6644936
-13.804487400000001
13.482783199999998
5.6944018000000005
0.10990420000000001
-1.3821583000000002
-13.1316147
-9.068350299999999
-18.6331986
2.9715924
11.700127700000001
-14.1433984
9.4833919
4.1856363
-3.5638986
-3.8356363
1.9123170999999999
11.6494246
-3.7609679
-5.5330148999999995
-4.3109943
13.9683269
10.247173499999999
18.4758826
5.0403293
11.9091536
-19.157138500000002
9.829078500000001
-17.5098343
-14.406514099999999
8.8001377
-19.6832526
-3.828036
-12.456012800000002
3.007025
-10.4612336
8.7778435
3.2631118
1.0457312
9.2603861
0.4422278
4.3706765
-17.7895455
1.8787091
-11.3913191
-7.506273200000001
-3.3105066
-3.7543224
-0.35083359999999997
9.636615
0.5388265
-6.2680229
-10.2207221
-5.5898705
4.6301923
15.3075816
4.9333047
15.6081673
-19.166779899999998
11.8410323
4.00241
14.398319100000002
0.6155465
9.433771799999999
-6.9080923
19.6854889
-13.5014212
-4.4425818
-17.4802945
8.4984941
6.3512789
7.9009079
4.2708207
-6.110481200000001
2.710286
-6.2040952
-17.7102272
-10.6292726
12.3476865
3.1002907
0.8182273999999999
3.6148183
14.5721892
3.8407319
16.4822552
-8.2059683
13.6267361
-17.277830100000003
-13.4825745
-9.125302
12.4826085
4.1822058
-0.4051382
-8.5455427
1.5002583999999999
-14.604667099999999
8.6884341
6.8914133
3.7834702
-8.9092777
-0.5980380000000001
14.366811199999999
-8.0744772
1.7430101
13.6444785
-2.0025516
-0.0044321
-12.7924691
-1.9556914
-1.9174267
4.6981753
9.7860073
-1.9676445
4.3049106
-6.6882608
18.5921881
-6.417703800000001
-1.7088957
4.8204771
-3.8834737
-18.2134799
-10.8608194
9.1179354
-1.4741497000000001
-14.710601500000001
9.0723235
-4.3642642
14.7262159
0.047381099999999995
-5.6335533
-12.3558284
-11.6800501
10.582726500000001
13.4763108
-17.1206002
17.0438927
-17.9208922
-11.0606785
-6.7650608
-3.1120731
-3.0735840999999997
-13.5054996
-11.6747625
0.9337347
-12.5339253
1.8995865
6.646742400000001
-9.3151649
-9.2530569
1.3132331
2.7906808
-12.801061400000002
8.3858139
-2.6995215000000004
-15.851475
-9.9383097
12.220494200000001
-1.6097846999999998
-6.4248194000000005
-8.8687819
-11.578737100000001
-4.4562246
-1.1107258
1.4309200000000002
5.9699603
-5.7097924
6.6212346
-8.9485548
-9.9676343
7.934713
12.8840848
-8.952122600000001
5.9954565
-17.4293756
-12.9390264
-4.2380007
18.3847939
-10.7047243
-0.8568485
-10.9230134
2.3379768000000003
-2.8261811999999997
5.5726514
11.9955598
-16.0977846
1.3864562
-17.4408461
-14.1876126
14.7000287
-7.4072753
-3.6451803000000003
14.244010900000001
-13.0373411
-16.321999599999998
15.1663582
-5.4129192
-2.2453917000000003
-9.2850808
1.5330605
15.8355271
-2.1425560999999997
9.0210718
-7.023812
4.7466916
-13.9053477
1.0561312
-3.6646911999999996
10.1205009
-15.152019399999999
7.436770800000001
13.368395499999998
13.1088697
10.2018208
4.544638
-10.4912762
-9.5276095
-6.6078862
9.7099289
8.7659975
-0.0006003
15.422860499999999
10.2921263
11.2552924
7.8648532
17.0801659
-6.4254035
8.8692444
3.8646469000000003
-7.6793670999999994
3.8071717
-14.0601282
1.1227929
12.4714026
-13.195959
-0.5465201
8.1750473
-1.7766833
-5.3135397
4.2792034
14.2132923
0.0745538
-11.9244247
1.519511
-13.460230899999999
-0.1330294
4.1419466
-14.2464193
-11.3431042
1.3852878999999998
-8.1347179
-5.3233327
-5.8730302
17.522007799999997
-14.3515331
-7.2530798
4.4190528
-13.986689899999998
12.6722229
-4.5066589
0.5393618
12.7512365
4.1635747
-17.7505673
4.0460405
-0.3055373
-7.172637999999999
-4.9565937
-3.2219425
19.8849197
-9.6524042
17.3218088
12.3650447
-1.0549564
-8.504060500000001
7.5590665
-7.5376271
8.7830548
6.6033629
-9.690309
-15.0506972
5.9572593
-11.7725931
2.6110894
-3.2719340999999997
9.480899299999999
-5.9247541
-5.3289257999999995
-19.4228987
16.7817416
-1.7761504
14.6122225
4.8735727
-13.301881900000001
-18.1433148
12.5374295
16.213399300000003
9.7168178
10.2788866
-11.1848767
-5.3791056
2.1532456
-1.4460126
15.361902399999998
-7.7682994
6.7354466
-10.233516700000001
-0.627149
-17.8505058
0.9841441000000001
-5.3428057
-14.1949568
10.8849956
3.5087876
-2.4428123
19.2057688
0.565457
1.238302
12.1545635
-13.0547559
-9.0371206
12.2541723
-6.5181532
-3.9759161
-2.4772078
16.8647989
5.3993618
-1.5456988
-13.1796145
-12.562919099999998
-16.0529612
2.0786788
-8.733536
-16.3683206
2.8036696
-4.45745
-15.4955775
13.4097153
-8.3056047
2.6168468000000003
19.187301
0.6573000999999999
8.2193174
5.6295492000000005
-4.5478309999999995
19.115047999999998
0.1566403
-15.1277059
-3.7035694
13.5422283
5.7094853
13.3596432
0.8366302
11.3439476
-1.8771897000000002
8.7883986
-1.2921850000000001
-12.984422799999999
-17.527801099999998
10.714616799999998
-18.5700511
15.487076400000001
6.4665845
-6.0940505
-2.7997438
-4.6590381
6.8094934
7.0004843
-2.5287297
15.870544500000001
-6.4863175
2.7023261
2.6019143000000002
13.241493599999998
10.3051108
-3.6751019
-6.952166999999999
8.5945385
9.2912096
-18.205519
-18.0935048
3.8113384999999997
4.1030655000000005
10.8404055
0.5647226
-11.7803733
6.451174
-4.5980909
12.307179000000001
10.590971300000001
-9.818510199999999
13.502666099999999
-3.4759851
-14.599608100000001
18.9337107
1.9706762
12.6749983
-9.860248
3.5586128
-5.1958549000000005
-10.660059
3.6795831
-15.4609854
6.9489468
-3.5047665
-9.7415413
-9.174889799999999
6.6210234
-7.0119577
-4.8052381
-6.7634689
-13.3002447
-16.6994552
-13.3395798
-9.286959000000001
5.556306899999999
-1.8022367
11.348363999999998
8.8594829
-8.235991199999999
-12.7338738
13.9607644
-5.7470745999999995
12.6115262
-12.711287299999999
-8.5560626
-10.3000676
-7.4580044999999995
-17.8261939
8.2077863
-14.5311717
-3.1858266
14.9321003
-9.9593822
10.283439000000001
14.001807
0.9278059000000001
-6.0972711
-1.2877439000000002
-0.8432589
-0.0369066
5.0223782
-13.0050406
11.4798573
0.294387
15.4058265
2.948849
17.5114847
8.882650700000001
8.1063287
14.9144605
12.7173878
7.694426
14.819731099999998
7.092274
-2.6059661
-8.485988599999999
0.7279088
-4.6126738
-6.249587699999999
-16.7624961
-2.9178389
-14.155287000000001
-8.4685568
10.8594829
16.799382599999998
-16.4032068
10.438372099999999
-1.1782445
14.9517861
6.8563654
14.97165
-0.7090584
-5.7530992
-6.1179002
10.661117200000001
0.100236
-2.9135536
-0.1021772
8.4186774
9.9346613
9.091108400000001
2.1499596
1.751011
-12.959356
-12.132537500000002
9.9228244
4.5673436
14.281712800000001
-0.9814149000000001
16.3557314
-13.751505400000001
-9.5178735
10.204331100000001
13.427763299999999
17.4732927
4.2559787
-18.959004
10.001290000000001
12.9579316
1.5422601
-0.7168138999999999
5.4708483999999995
0.5280977
-15.143317099999999
-18.0324567
3.0206584
8.8816618
-12.937422699999999
11.8937931
0.3497267
-6.5867631
13.6175414
5.8913024
-4.5157844
10.0969696
4.480614
-2.8263765999999997
-6.6689826000000005
-1.9064509
-6.304864599999999
-18.9661234
3.9825844999999997
7.803478800000001
-0.4322188
13.1275064
4.5179979
-2.0287342
-5.4977554
-6.642477400000001
-2.1581908000000003
10.971457800000001
6.6614116
17.3091812
-14.7155866
15.7645306
-10.148251
8.8703322
15.8228727
8.7953283
0.7440566
1.1939834999999999
-9.5672748
9.990300999999999
-2.039621
-15.8738049
-1.5226163
15.794707699999998
4.9208887
13.142070799999999
-5.721499199999999
-12.9432553
-0.879384
7.1608540000000005
-2.9649478
-7.295809500000001
6.266077699999999
-2.8097255000000003
11.0851173
-6.323706499999999
-8.670992199999999
-11.209988699999998
-9.442623
5.4785449
-2.0536563
-2.2701037
-9.0051388
5.8227576
14.9855715
18.6181817
9.3873662
10.0255872
1.3671893
-5.8976731
-5.5764203
0.632389
12.9338247
11.8176192
0.6044258
-17.4325701
-3.7223182
-4.148827600000001
13.918245899999999
-8.9903794
-6.4744624
13.2835744
-3.7583445
1.1317145
7.4985208
-1.5056124
5.3666003
-7.7140688
4.7283382
-2.1189739
-1.1136281
5.432342
-14.959896100000002
-3.8507903
-11.9135204
15.252711999999999
13.0907511
3.8468755
-3.713246
4.2127877
15.8030575
-2.2355622
0.439131
16.6522222
-13.1566585
-12.1641939
2.2737048
-9.105493599999999
-8.8759759
18.1631962
5.8698616
1.8444957
11.1841644
4.7250744
12.9821767
-4.9851645
0.7367453999999999
-10.2516004
7.777126399999999
-3.1765105
11.225767900000001
7.0730012
9.497188099999999
15.400430899999998
-6.78081
4.6413049
2.4128637
-5.2921172
16.8453216
-5.4056557
-6.384692599999999
13.4697137
0.026337299999999998
-2.1927577
-5.0748012
0.7073674
-4.387619900000001
-9.5244664
-10.0749593
-3.2813328
-10.8725213
19.3909566
9.4031144
6.1159961
7.218076600000001
5.2627469
-1.6787315
7.0852881000000005
15.255655999999998
-3.489739
6.6630614
-0.1630682
6.5257145
-8.0873418
2.3866433000000002
-3.3211033
1.4741539000000001
8.4457962
-5.3394433
-6.5698933
13.3968729
5.8913039000000005
-0.6483956000000001
-5.5178042000000005
2.7103766
-6.874813799999999
4.8597919
-7.8411026
6.5849823
-6.6575181
14.290517
-9.4335371
1.7104054
5.1245499
0.5403714000000001
0.4608741
0.6278727
-7.033728999999999
2.523119
-15.6028048
5.7331448
-4.6329446
-12.0877889
17.8156475
-9.952691600000001
-5.9738497
-3.0604453
-15.5604856
5.5091813
-6.7655947
16.2672375
16.9574329
-4.1984957000000005
-2.6083686999999998
3.6958628
-7.514118
-18.3604444
16.0412575
-16.5074447
2.7660638
-6.501580199999999
-3.1494648
-7.422300300000001
11.093893000000001
5.1143854
-9.347927
19.0250783
12.216216600000001
-0.1446425
-7.690953899999999
5.452848800000001
4.2402348
-11.86195
-3.1445086
-10.1865688
-3.7164348
-4.1406091
-15.324212500000002
-6.1187353
10.819656700000001
-2.6825341
-0.4284673
-13.8530272
-15.7924121
-2.3539308
19.388362
4.4062012
-3.8672649999999997
3.2351957
-4.4043117
-16.1250615
0.5361761
11.5022507
-0.13214969999999998
-9.3966693
1.0702926
-8.893345
-4.3972095
5.221541200000001
-15.989685
16.4961608
-16.6207892
-9.1703232
-1.0588961000000001
13.609985799999999
8.5439936
10.7590523
-11.775932399999999
9.6009802
3.3046452
14.7009475
7.8289242
12.9425765
-7.2555398
-16.238393900000002
15.8999539
7.0623933
5.9983892
17.6813812
13.5185251
11.5728829
7.8219285
-15.4915563
-15.374653499999999
18.512757099999998
-9.842591800000001
14.483772100000001
1.7898348999999998
1.1862955
-4.3632036
4.3395563
0.2555584
16.7763794
9.5940641
12.1878799
-12.7169812
11.007648999999999
-0.9365076000000001
7.7582351
1.251742
6.7647926
-11.4929421
-4.193542
7.6280057999999995
-6.5511645
-9.4700527
-1.1583041
-8.2944959
6.9208654
-6.1325159
3.9171904
17.5350829
-5.2607668
1.4914643
14.7445316
-0.18309460000000002
-1.4004725
3.9584169000000005
-3.6231907999999997
-2.5105107
15.8602525
14.3399324
16.2358029
12.223406
-16.0408834
9.9600191
-7.5038573
7.6754288
13.396586500000002
3.1149380000000004
5.7970531
-2.5174032
-13.9145497
-2.3326352
-6.1079825
6.0075472
-0.6837112999999999
-4.2190287
-2.1045613
-2.4069051
5.4531734
17.4810476
-3.0235476
5.8738529
1.8476199
-9.6160447
-13.8354005
-3.3225232
15.980583
16.1848278
16.7799069
-14.4377635
8.0434303
12.3995647
-3.7878083
5.5537727
-11.696307899999999
1.895991
1.0571005
-15.0851404
-11.245515399999999
1.7489769999999998
2.9398090000000003
10.5781729
-16.3968713
-8.640057
-6.2547528
-3.7347985
-17.018607799999998
-0.0519451
-8.50493
9.6121375
14.7500615
11.4627765
15.0210043
-10.342425200000001
-1.5243715
-3.2240093
-7.7701234999999995
-12.2264664
-15.6500884
-19.713044
-2.4022279
10.0601589
8.6721534
-8.0224469
8.3500006
-5.7465364999999995
0.8737598
17.0928556
7.4972034
12.481971900000001
-11.9484182
10.438386399999999
2.6626396999999997
-2.479558
9.7293593
-1.7169646
8.1425976
0.2243619
-10.5374603
0.856697
4.132977
8.8244737
-15.708570400000001
5.5188687000000005
5.742287
-12.1934833
-16.5842292
-12.5372121
-3.7648131
6.865798999999999
-13.640122400000001
-12.866287199999999
-2.4445613
-14.274690499999998
-2.8370163
6.3436882
12.1462374
-16.622737700000002
-7.0588733999999995
1.7013021000000002
2.4914538999999998
-3.5843549
-17.5765356
13.1574198
-4.9289184
13.3200235
-1.0643007
5.6461434
10.0933089
-8.6035445
-1.5127615
-4.9602645999999995
-12.8346498
2.3908325
6.3188279
9.1489185
0.4626551
14.1024859
-9.9675117
-10.1071706
0.5488937
-10.9866946
5.6289807
-17.2743064
-9.7315368
6.9748887
-1.9255434
-2.0295966
12.639751
4.1958462
-19.0050472
-12.010632800000002
2.1802995000000003
19.6218123
-17.1296259
8.992915
-2.927994
-12.701747600000001
-11.5096918
16.4029771
-3.8963848000000003
-16.1534149
-3.6376071999999997
7.4057681
7.920756
-12.3942006
15.7643689
9.7739644
2.5664663
-2.3434407
1.9786514
-18.2729999
-15.472757300000001
3.3378534
-9.9595994
6.5538348
13.257330999999999
3.3275417
-11.2441121
11.3956186
11.2108167
15.5722728
5.7236565
-1.2699087
-1.6966115
3.7508652000000002
8.5283352
4.505611
15.431344200000002
8.4853091
9.1988339
2.5274751
11.364094099999999
-11.1299781
-12.5369833
0.6356850000000001
-15.1129259
-7.678236900000001
-7.082957599999999
-0.5355026
-0.5837055
14.642618299999999
10.8523703
-3.1481437
-11.6788881
2.2749786
10.5324379
-5.0937718
-8.5136944
-5.6273718
4.3478452
14.1898164
11.193378000000001
3.5680633999999998
0.48931220000000003
15.3274142
-1.9528131
-13.4853558
13.7548588
-1.5766447
0.9397515
-1.3407821999999998
4.0325321
3.1262878
5.5260007
-17.6178232
-15.1739868
15.391903899999999
-4.7361704
8.5979631
-8.7131525
-3.8382197000000002
-4.1288199
-8.225301
1.661801
8.1652322
4.6098336
2.6305469
-3.5602873
0.26392140000000003
4.5469536
-5.020359
11.3831255
-7.8590931
-14.005915
16.3694649
-1.9695441
17.6406661
10.9206274
0.8749948000000001
-10.5759202
9.1241936
18.313103
-13.821634699999999
10.519856400000002
-8.7501881
-3.3536273999999997
8.6015507
-0.2799592
-14.6176935
-7.8374954
-2.5633582
15.6177846
-5.0976085
-9.9391892
-0.9645497000000001
-0.6816476
10.363370999999999
7.216949499999999
-13.4137897
-8.3864252
12.679476099999999
-10.311018200000001
17.818457000000002
-17.2213501
0.1458342
8.0258404
7.4195816
12.152363000000001
-15.705605700000001
1.238914
-2.5964512
-1.4690767
10.1356416
-9.3175523
1.977435
-5.8595206
1.8736582999999998
10.017179800000001
0.042817299999999996
9.6100767
4.1230511000000005
9.0552613
-11.151466399999999
-0.4400615
4.7389789
-9.1313391
0.6275151
-8.5407567
2.8238456000000003
-9.5186538
-6.775123099999999
9.7444871
16.9370838
3.3303876000000003
5.4826787
-16.6872322
12.621451799999999
2.6668306999999998
0.0662569
1.5224136
1.421505
-3.2229398
-4.9356788
-1.6275733
0.4992599
12.007461000000001
-10.4195677
16.4918919
0.48897759999999996
8.1401022
-19.473263
11.252748899999998
8.093401199999999
-15.520411999999999
-10.0151967
4.3117182000000005
14.9246253
5.3294151
10.0812869
-6.4663743
-0.7494141999999999
-19.5104626
15.8497541
17.714170799999998
10.0388834
-8.7852312
8.0611669
15.8328395
-7.0816129
10.473839
-12.701711399999999
11.616637800000001
-1.6891668999999998
9.633239
-14.696683499999999
10.5000108
3.8262027
12.358263099999999
-11.387924599999998
-14.244985999999999
-6.6899163
12.124631099999998
-12.5926486
8.303308
15.8106485
-9.016189500000001
10.9756281
-3.2373184
-9.7514123
10.556868099999999
4.7212186
2.3694116
17.9359944
-11.6956851
6.6324573
4.3423365
-8.0166644
9.160338900000001
13.9278393
3.6012873
-1.197787
-8.6610853
-9.4331012
-17.4114824
-4.7725989
15.555238899999999
-9.4935428
-3.8528356
5.8928853000000005
-16.53664
-1.8997363999999999
-9.2961835
8.0570237
-15.828158499999999
12.1693649
-17.5702145
13.401218100000001
2.8704372
-9.8274876
4.6305751
-7.6227621
2.3797098
-4.492944
-15.664350899999999
-8.879226599999999
0.3695545
-12.249123500000001
5.1487358
-1.8127387
-7.2252613
0.0617865
14.9698627
-4.9726057
9.1886736
-2.3447177999999997
1.2702963
-4.1618649
-18.2029317
5.71028
18.7684465
-9.987705
-4.5677465999999995
-11.232581499999998
2.3276318000000003
4.0999569000000005
-16.3017239
-13.6980123
17.308906999999998
0.3327521
5.978298499999999
11.055693400000001
14.407783799999999
-7.7281627
19.2803034
7.342841600000001
18.618571
-6.281314200000001
-3.5636001
-17.0848553
4.0262554999999995
0.0285974
-4.7354104999999995
0.6995162
13.7339048
9.550836799999999
-16.9433501
5.5237854
-6.2458707
-4.1976091
-15.003251
-14.5918281
0.0496977
1.7245966000000001
14.0743388
-8.7757165
7.7111303
9.9311835
-6.8815552
4.6549148
-8.5309777
17.9922383
9.127456
-13.1736704
17.6769374
-10.1722267
5.147286
2.7127748
0.38183999999999996
13.968211799999999
-2.1159274
16.5015563
2.7154450000000003
5.3371879
1.5308807
-13.5282802
12.7808399
-7.0683565
3.6147109
6.940828
-2.8231976
-8.5897839
-1.223112
14.6143801
-18.7000555
4.7895411
7.8980961
7.4108397
7.343833200000001
2.5793898
6.1362027
2.0083770999999997
16.5269402
3.7860273
-8.490095199999999
0.5276386
-6.444230999999999
-1.8566501
-0.0362918
-9.3082563
11.264318000000001
6.8736882
15.888469500000001
-15.0389346
13.0362391
-18.1666301
-6.4759419000000005
-4.9769249
4.2456065999999995
-4.8340971
9.581486
-15.481488899999999
7.5291485
-10.0344298
2.324642
-10.6061525
-7.3542744
5.512117
-18.9823512
-2.2865808000000003
-8.2224257
0.20988869999999998
-14.7330785
10.6852952
-8.0367769
-3.9719734
16.1249774
17.4259701
-11.7067317
2.5845385
-12.1367215
-11.848338000000002
-4.5095032
-15.5899135
16.628694499999998
0.8920872
11.484487300000001
14.5324083
18.0854665
-1.4229237000000001
5.0607764
7.2465474
-4.3998454
0.2940744
2.9561624999999996
-15.1484997
6.0811942
11.6094361
1.7493743000000002
-13.4941687
13.4991733
-9.007130499999999
17.337056399999998
-15.9358015
15.4211075
6.904045
4.8514459
2.1611206999999997
7.8385135
1.087852
11.533499999999998
7.4121436
-10.1413165
10.2055759
16.2267445
-15.1243933
6.0907393
18.6826251
-3.1933362
12.084522199999999
-12.205581
1.5633947000000001
4.0800679
5.537613400000001
-0.047289000000000005
7.2280909
-11.033823199999999
1.4138148000000001
-15.305441100000001
-8.70717
0.1750367
10.0038665
4.5984746
-5.6326369
0.405845
-1.1800857
10.3809449
