0.34175
0.34924
0.55795
0.85355
0.90327
0.94185
0.81232
0.97052
0.3968
0.98783
0.80258
0.59324
0.94786
0.52019
0.40923
0.33639
0.60809
0.82609
0.68605
0.55422
0.84255
0.7549
0.81095
0.35138
0.89339
0.36108
0.85906
0.93909
0.41212
0.95609
0.83851
0.8107
0.56878
0.51896
0.85421
0.34914
0.84102
0.98312
0.66939
0.97636
0.71165
0.59969
0.85991
0.70445
0.50241
0.8049
0.41389
0.91688
0.51384
0.88501
0.31542
0.81736
0.846
0.51839
0.55526
0.53503
0.94625
0.82912
0.3446
0.83426
0.42243
0.55286
0.48882
0.82735
0.95917
0.63357
0.61779
0.88295
0.84449
0.83624
0.3199
0.8345
0.34284
0.39281
0.81185
0.94699
0.76023
0.73117
0.70907
0.44697
0.4911
0.94442
0.52889
0.63773
0.38597
0.80555
0.36826
0.39372
0.95419
0.84101
0.55099
0.58405
0.39212
0.9464
0.73421
0.81758
0.78858
0.62801
0.81109
0.9647
0.99147
0.63443
0.77933
0.54411
0.5918
0.99619
0.99414
0.98766
0.8794
0.83274
0.73067
0.58341
0.31056
0.76766
0.85738
0.87323
0.84378
0.40492
0.97395
0.94266
0.75789
0.6194
0.98551
0.96763
0.97859
0.89775
0.56992
0.94052
0.78512
0.37208
0.94097
0.99599
0.45464
0.91561
0.94865
0.84791
0.76144
0.94849
0.82319
0.89615
0.5878
0.65067
0.36154
0.98147
0.60598
0.75988
0.65431
0.69423
0.71653
0.50671
0.86128
0.69127
0.76295
0.67943
0.72814
0.81584
0.41243
0.99673
0.50701
0.60558
0.53955
0.63261
0.36055
0.88047
0.48251
0.3328
0.35276
0.60216
0.99351
0.53132
0.74133
0.90653
0.64999
0.45554
0.76635
0.82027
0.91783
0.99174
0.83063
0.54412
0.56063
0.89505
0.63213
0.68118
0.93087
0.64149
0.86341
0.46267
0.5438
0.61748
0.88083
0.40178
0.7187
0.70611
0.96173
0.93017
0.49271
0.85459
0.67754
0.58334
0.43842
0.61514
0.77717
0.76778
0.73263
0.79503
0.39494
0.69544
0.60395
0.91131
0.92627
0.73147
0.44036
0.96147
0.75732
0.60478
0.57538
0.9192
0.76622
0.61578
0.81902
0.42052
0.68439
0.75178
0.77279
0.99547
0.88007
0.38361
0.33182
0.60816
0.41019
0.36126
0.61146
0.80262
0.55752
0.95518
0.86869
0.76969
0.66018
0.85785
0.49683
0.56548
0.68156
0.3372
0.62682
0.91454
0.8506
0.78431
0.62478
0.74526
0.44341
0.96417
0.33036
0.95399
0.50235
0.64393
0.99784
0.88783
0.74077
0.5267
0.61051
0.638
0.59124
0.95307
0.91197
0.69144
0.66283
0.88233
0.49385
0.62411
0.58332
0.69493
0.86099
0.61885
0.98566
0.91868
0.72575
0.88254
0.9774
0.69725
0.71908
0.81879
0.86131
0.42495
0.82007
0.67422
0.47078
0.86611
0.77794
0.92865
0.83672
0.80003
0.67517
0.91413
0.59781
0.44091
0.45226
0.84715
0.62643
0.78567
0.40818
0.82404
0.52123
0.76349
0.42182
0.4708
0.71204
0.96271
0.39025
0.81889
0.45297
0.45706
0.94572
0.95327
0.77933
0.49711
0.92061
0.52934
0.51581
0.67835
0.98674
0.9884
0.38068
0.94208
0.82264
0.75764
0.97894
0.52094
0.82882
0.75724
0.9621
0.87651
0.95385
0.45307
0.36568
0.6219
0.99816
0.93638
0.47013
0.5234
0.39633
0.88895
0.78423
0.57967
0.94777
0.48716
0.99913
0.31859
0.57743
0.65458
0.58631
0.80248
0.63468
0.86583
0.87971
0.99246
0.70155
0.40116
0.55883
0.61841
0.54459
0.48825
0.69113
0.31793
0.39173
0.63183
0.53136
0.66552
0.95249
0.50419
0.79377
0.45289
0.66475
0.6325
0.83309
0.54841
0.82219
0.83504
0.49282
0.72822
0.41735
0.32655
0.73028
0.25912
0.73511
0.84666
0.81315
0.69766
0.32585
0.94963
0.45818
0.87199
0.57077
0.65387
0.48861
0.70433
0.93838
0.89283
0.86752
0.45968
0.56709
0.88367
0.78193
0.57197
0.73096
0.77466
0.8729
0.91178
0.78871
0.70671
0.44269
0.79159
0.64227
0.8847
0.35251
0.90521
0.42041
0.97795
0.84143
0.84892
0.47267
0.86672
0.75018
0.80506
0.70479
0.57071
0.53844
0.90812
0.9392
0.3206
0.58263
0.53369
0.87052
0.43377
0.79169
0.85034
0.96175
0.80836
0.78578
0.93766
0.49546
0.6989
0.83118
0.51954
0.70976
0.44053
0.51754
0.36368
0.87179
0.98014
0.56013
0.93961
0.74109
0.99469
0.5142
0.95713
0.96112
0.84738
0.88111
0.61339
0.31618
0.4488
0.48859
0.62658
0.80992
0.91202
0.60621
0.89854
0.62693
0.96539
0.54679
0.5647
0.36393
0.82499
0.77669
0.69721
0.75918
0.39759
0.97078
0.99477
0.85452
0.89017
0.54963
0.53351
0.43845
0.98787
0.63524
0.96065
0.655
0.99281
0.85204
0.98075
0.84525
0.50615
0.78439
0.69733
0.605
0.75889
0.64403
0.51821
0.8832
0.36141
0.68353
0.9125
0.98101
0.71637
0.40205
0.93625
0.99171
0.48901
0.83549
0.96221
0.36262
0.8244
0.59792
0.79562
0.49156
0.89835
0.8756
0.6655
0.8839
0.93396
0.55623
0.39751
0.91041
0.70098
0.57362
0.48014
0.64967
0.9778
0.64347
0.54574
0.66277
0.52202
0.80631
0.58316
0.96023
0.66581
0.72686
0.88905
0.99484
0.6838
0.61096
0.60222
0.7825
0.58482
0.80105
0.88931
0.77856
0.49394
0.75568
0.99559
0.73576
0.88108
0.60747
0.63137
0.42823
0.32092
0.53072
0.8353
0.96449
0.71452
0.54882
0.94225
0.94509
0.47633
0.89749
0.65521
0.6557
0.83283
0.98624
0.58954
0.9311
0.66789
0.898
0.75685
0.66726
0.72895
0.79068
0.78705
0.42877
0.52945
0.50863
0.56644
0.74713
0.64018
0.6917
0.81542
0.82896
0.75567
0.98399
0.51676
0.85402
0.80294
0.46469
0.70027
0.357
0.96037
0.80973
0.59334
0.95215
0.70584
0.86861
0.77545
0.86778
0.66454
0.37823
0.75727
0.96115
0.91414
0.99074
0.93933
0.56165
0.43508
0.97237
0.95962
0.64128
0.70581
0.40493
0.58386
0.41979
0.69436
0.95424
0.71731
0.94336
0.90991
0.52836
0.78258
0.57139
0.90754
0.60146
0.89774
0.91668
0.83089
0.58716
0.96692
0.94934
0.5093
0.41445
0.41047
0.49255
0.95464
0.53434
0.40114
0.88816
0.97218
0.59216
0.69486
0.56262
0.76037
0.73813
0.92759
0.68962
0.98781
0.80817
0.94215
0.42786
0.73174
0.58881
0.62262
0.50941
0.66277
0.39767
0.62622
0.29362
0.94749
0.86058
0.77713
0.83994
0.89416
0.43235
0.66474
0.83741
0.66222
0.65241
0.55182
0.81192
0.67228
0.57294
0.89804
0.57982
0.78748
0.91526
0.69863
0.61354
0.81938
0.91735
0.92215
0.91284
0.72068
0.66071
0.6064
0.36498
0.90684
0.78261
0.84063
0.64366
0.90378
0.7666
0.27636
0.4416
0.87812
0.24294
0.93725
0.56725
0.55808
0.69131
0.50745
0.94955
0.46847
0.7139
0.29938
0.72151
0.58366
0.45841
0.34393
0.91127
0.4854
0.98951
0.89661
0.67932
0.51016
0.91977
0.68017
0.8464
0.65274
0.33736
0.4888
0.83214
0.64238
0.46214
0.45595
0.75558
0.29963
0.88937
0.91718
0.98401
0.87715
0.54575
0.85151
0.56603
0.42178
0.54445
0.85396
0.69574
0.44684
0.67864
0.67762
0.94593
0.45362
0.65982
0.97142
0.63268
0.80129
0.89178
0.72084
0.7866
0.90752
0.99203
0.74203
0.97864
0.78537
0.36798
0.72587
0.90202
0.96596
0.89968
0.76644
0.9872
0.73488
0.44269
0.96106
0.98345
0.83406
0.58106
0.5957
0.78741
0.76325
0.49447
0.46476
0.59009
0.49199
0.5845
0.70337
0.53757
0.35109
0.70993
0.88314
0.78081
0.66265
0.89361
0.97745
0.81961
0.65034
0.83778
0.55146
0.68664
0.481
0.98577
0.95369
0.71308
0.62006
0.94923
0.67936
0.97776
0.75233
0.50117
0.61551
0.90111
0.6776
0.91292
0.97133
0.66371
0.79623
0.95685
0.81748
0.47308
0.92897
0.29988
0.86982
0.66523
0.97531
0.82048
0.64729
0.71304
0.41201
0.95
0.98534
0.59496
0.9957
0.73128
0.68672
0.64435
0.74484
0.74251
0.85672
0.44227
0.95241
0.98813
0.70224
0.57062
0.87635
0.64404
0.97353
0.52589
0.68026
0.72491
0.95191
0.9603
0.85237
0.57814
0.88033
0.94663
0.90402
0.69903
0.923
0.4191
0.76306
0.43931
0.50586
0.58884
0.87688
0.82612
0.96223
0.7793
0.99807
0.82863
0.51667
0.91662
0.99007
0.86853
0.56069
0.91635
0.75406
0.8039
0.98789
0.84043
0.78807
0.63206
0.61519
0.78106
0.5691
0.55185
0.86826
0.85871
0.49248
0.69331
0.47569
0.43639
0.77588
0.67634
0.66454
0.56131
0.81026
0.84122
0.63161
0.74758
0.80646
0.94961
0.58939
0.7602
0.48233
0.45776
0.63009
0.79254
0.97921
0.66325
0.448
0.56361
0.42436
0.47986
0.52224
0.76914
0.4882
0.87013
0.37973
0.86669
0.99901
0.60824
0.95952
0.84459
0.8653
0.35977
0.52749
0.58024
0.73087
0.79803
0.803
0.73293
0.45033
0.82068
0.95853
0.59551
0.50223
0.95275
0.9903
0.91966
0.59586
0.89493
0.44247
0.91932
0.91334
0.74011
0.91672
0.41584
0.7609
0.90716
0.99278
0.60617
0.82745
0.32465
0.49487
0.75636
0.31288
0.95072
0.94797
0.71759
0.91041
0.65136
0.94862
0.63285
0.92647
0.92933
0.50332
0.54656
0.42008
0.4931
0.36597
0.62509
0.64898
0.42207
0.27542
0.75725
0.91753
0.52491
0.98943
0.48946
0.76715
0.48876
0.83464
0.60896
0.96354
0.86986
0.53601
0.85113
0.57382
0.65046
0.83383
0.83548
0.57017
0.88406
0.76334
0.81848
0.39397
0.48611
0.94749
0.57301
0.51385
0.72487
0.87701
0.4388
0.87003
0.82914
0.51876
0.68581
0.81516
0.7952
0.81017
0.57153
0.83431
0.88687
0.86284
0.84741
0.9854
0.98962
0.29195
0.60966
0.86418
0.35526
0.42414
0.7996
0.75942
0.99922
0.84414
0.78378
0.46886
0.9328
0.9117
0.69057
0.86826
0.41807
0.4784
0.89797
0.41421
0.41323
0.51552
0.35044
0.95257
0.96158
0.54099
0.89241
0.97394
0.84207
0.60029
0.84761
0.83121
0.27335
0.82823
0.84027
0.77796
0.54896
0.97867
0.31712
0.52312
0.68954
0.75103
0.63969
0.36092
0.77664
0.85416
0.82621
0.71158
0.82587
0.91418
0.85821
0.79138
0.85406
0.41819
0.70342
0.37435
0.96176
0.33641
0.63212
0.62739
0.6567
0.84192
0.87497
0.31187
0.94018
0.43832
0.79538
0.55591
0.43456
0.93907
0.33323
0.91816
0.71469
0.59025
0.56059
0.9141
0.99891
0.71763
0.41576
0.51878
0.78695
0.42434
0.80841
0.9295
0.74806
0.68701
0.96466
0.46553
0.63773
0.87025
0.77902
0.66592
0.93
0.69136
0.97674
0.90814
0.68013
0.56118
0.92985
0.32357
0.85778
0.85885
0.79534
0.65012
0.91777
0.23769
0.89298
0.6607
0.64158
0.79575
0.98298
0.70389
0.93182
0.92884
0.79696
0.49548
0.97998
0.32936
0.5722
0.62081
0.73232
0.85757
0.84905
0.79017
0.80172
0.33928
0.86768
0.7982
0.49625
0.27231
0.98669
0.87742
0.74044
0.72403
0.98312
0.91221
0.79895
0.93752
0.72895
0.54964
0.46705
0.62008
0.8326
0.36991
0.80963
0.97284
0.99208
0.47919
0.66128
0.71315
0.43814
0.51929
0.93216
0.40685
0.4007
0.73726
0.98653
0.8229
0.68316
0.4477
0.78744
0.77621
0.96704
0.5772
0.87253
0.6193
0.84278
0.31476
0.7589
0.63434
0.45311
0.84342
0.60499
0.54169
0.6121
0.57377
0.768
0.77238
0.70077
0.42108
0.46775
0.47967
0.77681
0.62735
0.35384
0.97733
0.63035
0.94229
0.78972
0.86528
0.77779
0.52293
0.47515
0.65857
0.29924
0.49747
0.98141
0.94565
0.44098
0.37934
0.70202
0.7592
0.84065
0.64214
0.56247
0.47152
0.33003
0.8699
0.82699
0.66053
0.99166
0.44391
0.62329
0.55188
0.68667
0.70245
0.98481
0.35087
0.41795
0.87313
0.35523
0.90703
0.83615
0.59073
0.77647
0.88469
0.97945
0.38218
0.94483
0.96167
0.18407
0.51982
0.98698
0.97431
0.55682
0.94732
0.96676
0.91545
0.56868
0.85904
0.97955
0.8311
0.81667
0.81664
0.6922
0.98841
0.43158
0.4929
0.53593
0.89944
0.71692
0.9971
0.77733
0.59416
0.64898
0.54698
0.97126
0.70108
0.90054
0.47812
0.7648
0.96434
0.98243
0.9036
0.9121
0.84361
0.95022
0.94604
0.98621
0.59088
0.73023
0.36586
0.50618
0.66977
0.49903
0.41693
0.9441
0.81455
0.65214
0.9119
0.74767
0.80452
0.44496
0.87346
0.66192
0.59352
0.9545
0.55611
0.69987
0.66565
0.74945
0.94096
0.51081
0.87427
0.30742
0.8288
0.56392
0.41063
0.74745
0.45357
0.78651
0.87148
0.45118
0.58305
0.94757
0.24879
0.38716
0.87632
0.92378
0.931
0.97173
0.89845
0.78373
0.48941
0.52332
0.41069
0.84065
0.61975
0.67095
0.58746
0.76498
0.63356
0.78053
0.70958
0.67193
0.99562
0.9931
0.78509
0.55357
0.84755
0.5615
0.9433
0.94599
0.68797
0.6929
0.63018
0.94867
0.63264
0.76048
0.73399
0.64492
0.89338
0.60109
0.84096
0.98784
0.71153
0.52795
0.7046
0.58576
0.94209
0.98865
0.35746
0.37312
0.41698
0.86224
0.96692
0.45245
0.67745
0.77331
0.9554
0.81448
0.55747
0.39284
0.89202
0.73828
0.72785
0.40634
0.94916
0.89008
0.84034
0.56688
0.34193
0.92909
0.75715
0.94939
0.79857
0.81567
0.76529
0.90153
0.78369
0.68684
0.44025
0.61863
0.78483
0.87641
0.40072
0.77803
0.48318
0.65331
0.44374
0.5356
0.99429
0.33457
0.87401
0.54877
0.63923
0.72704
0.4935
0.94686
0.43485
0.75389
0.67033
0.96141
0.7402
0.90583
0.75957
0.40407
0.68597
0.92248
0.69069
0.9942
0.76806
0.93028
0.83949
0.59778
0.55426
0.58549
0.40657
0.58554
0.64538
0.298
0.38524
0.89417
0.71402
0.76162
0.81939
0.94972
0.34449
0.97583
0.63045
0.92469
0.89616
0.95408
0.31518
0.98548
0.97538
0.59038
0.74808
0.85017
0.37107
0.65615
0.86429
0.80645
0.45719
0.64252
0.97281
0.70498
0.29746
0.89943
0.91718
0.74349
0.51937
0.5261
0.52066
0.90467
0.7049
0.51288
0.629
0.81825
0.68
0.96541
0.89025
0.68818
0.7356
0.82864
0.93774
0.73717
0.72859
0.88412
0.57095
0.96189
0.84754
0.68366
0.36398
0.89987
0.94173
0.38915
0.72654
0.80031
0.80189
0.93043
0.92973
0.58097
0.90482
0.72581
0.42451
0.47218
0.49045
0.96125
0.9699
0.59233
0.62182
0.54608
0.52449
0.34025
0.85325
0.69922
0.9577
0.69362
0.59824
0.78751
0.7701
0.99711
0.68336
0.63017
0.40099
0.51874
0.73014
0.92537
0.85487
0.36865
0.90386
0.98473
0.427
0.87797
0.94115
0.95399
0.98693
0.63422
0.75067
0.40338
0.97075
0.80239
0.46398
0.9039
0.60534
0.87721
0.61391
0.46948
0.79604
0.53756
0.64088
0.79109
0.99268
0.30646
0.87688
0.44195
0.83987
0.63843
0.55331
0.59359
0.94617
0.86931
0.9117
0.60549
0.33448
0.54754
0.76109
0.96434
0.78382
0.89547
0.54324
0.35853
0.86926
0.95768
0.53281
0.83212
0.72964
0.88367
0.75101
0.67984
0.59949
0.28746
0.72272
0.8221
0.80214
0.88314
0.7273
0.50193
0.44341
0.96981
0.77957
0.82027
0.44768
0.81266
0.51885
0.82379
0.39714
0.7045
0.726
0.29083
0.74642
0.71262
0.65874
0.75369
0.88446
0.59454
0.78368
0.96158
0.8184
0.5351
0.75726
0.65276
0.77142
0.78993
0.95726
0.90728
0.37765
0.59103
0.5038
0.40235
0.94007
0.53092
0.90842
0.41028
0.69476
0.53435
0.98767
0.96421
0.37195
0.72148
0.52775
0.73954
0.8076
0.67572
0.74402
0.95356
0.52265
0.34925
0.67997
0.56765
0.658
0.9498
0.84164
0.54648
0.71226
0.65636
0.54243
0.66544
0.83071
0.74402
0.9462
0.66884
0.79011
0.5051
0.77331
0.84038
0.8849
0.97588
0.24503
0.6675
0.90123
0.48386
0.58729
0.57814
0.97573
0.73766
0.89667
0.40789
0.93787
0.98194
0.78009
0.97279
0.73196
0.77104
0.81003
0.71553
0.47043
0.55742
0.79566
0.54935
0.54778
0.86687
0.87001
0.60512
0.80388
0.47488
0.88174
0.65933
0.88972
0.60088
0.4766
0.44318
0.73885
0.94043
0.37287
0.49462
0.89238
0.9906
0.66408
0.99111
0.49503
0.99227
0.36079
0.75048
0.76578
0.98842
0.98638
0.91264
0.88702
0.98141
0.76434
0.92703
0.72582
0.36018
0.7487
0.36251
0.69619
0.95233
0.58879
0.9194
0.88313
0.80631
0.99645
0.7292
0.62932
0.32988
0.75691
0.94675
0.82689
0.4962
0.92491
0.95888
0.34404
0.72562
0.83271
0.68823
0.77429
0.46094
0.88185
0.73684
0.85679
0.3765
0.45618
0.84578
0.39555
0.29894
0.96419
0.89347
0.79346
0.38796
0.89843
0.97969
0.9224
0.52798
0.8854
0.99761
0.83497
0.6021
0.33999
0.93015
0.91341
0.35026
0.31254
0.48147
0.60527
0.68639
0.98778
0.9048
0.79079
0.89297
0.9732
0.43661
0.81393
0.87261
0.88054
0.79425
0.81481
0.47828
0.73374
0.66765
0.7836
0.98784
0.45727
0.99482
0.89334
0.41186
0.61869
0.40518
0.3859
0.73772
0.98507
0.8113
0.56776
0.98233
0.59074
0.25723
0.77145
0.97669
0.71733
0.63732
0.53354
0.31061
0.73138
0.82032
0.61167
0.88778
0.9782
0.69027
0.98662
0.67938
0.5584
0.66418
0.71769
0.47412
0.94005
0.3881
0.88129
0.47793
0.28952
0.95901
0.7802
0.43639
0.61686
0.91773
0.5957
0.77242
0.43658
0.34804
0.72573
0.34714
0.782
0.9602
0.93381
0.62093
0.74511
0.73772
0.73946
0.9919
0.98688
0.82183
0.92394
0.80263
0.70156
0.26504
0.72306
0.66225
0.9051
0.87846
0.54463
0.98647
0.53171
0.39283
0.48299
0.94622
0.56719
0.79427
0.81231
0.23035
0.81805
0.90325
0.58846
0.91152
0.31309
0.94705
0.74809
0.81973
0.83437
0.97685
0.67649
0.65756
0.74775
0.33224
0.8303
0.44619
0.94458
0.94766
0.35013
0.29893
0.89012
0.96583
0.88787
0.72958
0.88131
0.79452
0.43898
0.85346
0.92536
0.93438
0.85743
0.7698
0.91105
0.41705
0.7809
0.91925
0.65124
0.31036
0.73608
0.73322
0.51023
0.98586
0.39282
0.67384
0.97104
0.85807
0.64089
0.47365
0.82707
0.67459
0.49845
0.68826
0.58594
0.5341
0.7206
0.944
0.67481
0.8296
0.95453
0.74012
0.65714
0.8552
0.77708
0.7363
0.82532
0.5634
0.88224
0.99183
0.26466
0.62443
0.39512
0.85657
0.5896
0.75217
0.89009
0.86078
0.40035
0.76579
0.99475
0.86703
0.75283
0.89087
0.89357
0.99988
0.66469
0.94661
0.38223
0.64817
0.79727
0.6122
0.71653
0.59917
0.49655
0.88277
0.94236
0.7587
0.92269
0.35421
0.57244
0.90142
0.95286
0.71111
0.48161
0.92722
0.92082
0.32524
0.61785
0.42295
0.75359
0.41784
0.76428
0.75275
0.99504
0.94679
0.83714
0.84366
0.97367
0.84814
0.63093
0.4092
0.77647
0.97977
0.53904
0.99217
0.60101
0.76692
0.64584
0.38413
0.3808
0.8091
0.58564
0.39874
0.8551
0.4109
0.92259
0.56461
0.7925
0.42493
0.4541
0.32204
0.60764
0.99813
0.41645
0.69024
0.56608
0.33543
0.30594
0.75309
0.56673
0.91344
0.32123
0.8217
0.8107
0.83815
0.44632
0.67629
0.93172
0.97681
0.67757
0.60584
0.50667
0.63927
0.96363
0.50135
0.83445
0.94899
0.99245
0.4043
0.90117
0.57312
0.427
0.86645
0.68372
0.60398
0.76796
0.5854
0.78507
0.56432
0.71942
0.92598
0.36974
0.75315
0.89665
0.98155
0.69278
0.63844
0.45342
0.86264
0.59264
0.7903
0.77125
0.44866
0.58054
0.8356
0.4553
0.99583
0.87432
0.4276
0.29022
0.7918
0.64046
0.46629
0.60375
0.95067
0.65039
0.33791
0.98452
0.74643
0.46687
0.3241
0.60526
0.95529
0.66156
0.36
0.30528
0.54048
0.354
0.52769
0.48501
0.5997
0.71796
0.52502
0.36127
0.8111
0.57741
0.33333
0.75343
0.85209
0.55459
0.66311
0.74982
0.8117
0.59617
0.6166
0.72514
0.92487
0.76825
0.98563
0.55111
0.55028
0.40105
0.35425
0.87349
0.4833
0.39153
0.49688
0.54917
0.73575
0.97169
0.85506
0.39322
0.44569
0.79756
0.59206
0.64975
0.60933
0.81316
0.36925
0.69656
0.69027
0.70877
0.69896
0.97037
0.39282
0.53288
0.63619
0.90097
0.99049
0.56901
0.94236
0.93377
0.64081
0.48731
0.88817
0.92541
0.58368
0.39597
0.84159
0.85769
0.72068
0.36653
0.61959
0.97929
0.87814
0.53203
0.67146
0.31885
0.39976
0.98736
0.47442
0.60167
0.74302
0.63348
0.65693
0.95408
0.82643
0.39389
0.68073
0.76467
0.41029
0.93423
0.46222
0.42991
0.94662
0.77463
0.88878
0.42725
0.73953
0.84342
0.49656
0.89416
0.38923
0.97438
0.33711
0.71825
0.50282
0.315
0.92521
0.40428
0.61603
0.85185
0.32558
0.27992
0.8758
0.84494
0.62147
0.90356
0.7586
0.87002
0.74833
0.94136
0.69645
0.64345
0.85894
0.87005
0.97961
0.4015
0.58068
0.95021
0.39401
0.66353
0.3476
0.63977
0.76167
0.45263
0.91167
0.45382
0.70204
0.70763
0.46091
0.81181
0.87753
0.81645
0.90187
0.9253
0.51087
0.34383
0.89914
0.96501
0.84997
0.8885
0.70923
0.5427
0.46363
0.60162
0.91952
0.65745
0.51746
0.4332
0.70105
0.4831
0.70608
0.41963
0.42169
0.98353
0.7256
0.75964
0.83256
0.39996
0.57594
0.95581
0.39365
0.30891
0.56832
0.5728
0.91488
0.7786
0.94338
0.55986
0.70159
0.82668
0.93181
0.97671
0.91486
0.69632
0.9265
0.38647
0.39833
0.61303
0.66495
0.8751
0.89141
0.66492
0.42707
0.80725
0.8547
0.85888
0.82987
0.75067
0.56356
0.67386
0.85987
0.44982
0.65018
0.78207
0.96711
0.70176
0.65421
0.80906
0.3375
0.44327
0.34834
0.4215
0.76139
0.64897
0.77488
0.68982
0.9548
0.75682
0.44352
0.45748
0.67361
0.46784
0.79405
0.58751
0.92314
0.95173
0.8666
0.27843
0.73015
0.76013
0.3643
0.52583
0.9962
0.24185
0.93497
0.8911
0.73853
0.89031
0.65321
0.94008
0.7242
0.40709
0.47883
0.84451
0.83697
0.89585
0.54413
0.87646
0.94909
0.66771
0.58206
0.81755
0.68335
0.71084
0.94671
0.23834
0.55321
0.82821
0.59354
0.65072
0.92069
0.72618
0.35009
0.65376
0.65619
0.305
0.87115
0.67515
0.74069
0.84971
0.96187
0.30033
0.67952
0.96958
0.39663
0.45805
0.39887
0.76847
0.87223
0.83537
0.73817
0.55694
0.74644
0.95228
0.6849
0.59266
0.7103
0.50077
0.7132
0.72813
0.93166
0.97758
0.90541
0.93528
0.65912
0.98727
0.88993
0.32714
0.83051
0.64836
0.42157
0.89325
0.98843
0.6389
0.81778
0.78399
0.573
0.66944
0.7904
0.34793
0.5082
0.89279
0.90104
0.41865
0.72394
0.69235
0.34997
0.3982
0.43541
0.92983
0.97804
0.4573
0.67598
0.99784
0.88347
0.92668
0.57469
0.93783
0.67494
0.53154
0.57707
0.99775
0.87173
0.74693
0.51806
0.74035
0.89205
0.88247
0.58478
0.94833
0.33189
0.9885
0.8315
0.67758
0.77956
0.86519
0.61904
0.76802
0.45623
0.36964
0.974
0.91757
0.36163
0.55751
0.34834
0.55949
0.98345
0.55956
0.75758
0.93794
0.93087
0.7724
0.4949
0.42704
0.86742
0.6496
0.46603
0.72043
0.80634
0.84782
0.87773
0.95922
0.76147
0.91148
0.56655
0.51689
0.94642
0.42806
0.99627
0.43209
0.96854
0.38247
0.52678
0.78561
0.99474
0.81086
0.935
0.9068
0.49046
0.2472
0.79419
0.64692
0.6282
0.78601
0.88427
0.72973
0.78279
0.87346
0.85195
0.62049
0.97012
0.60486
0.67912
0.90143
0.63528
0.30807
0.48896
0.62563
0.94971
0.43645
0.57824
0.79919
0.43379
0.76198
0.82492
0.72273
0.74998
0.44334
0.43738
0.55849
0.76641
0.65415
0.89092
0.63982
0.69712
0.42801
0.94098
0.68304
0.96258
0.26974
0.98747
0.63908
0.79447
0.51233
0.71887
0.59712
0.92335
0.64538
0.75712
0.97343
0.65341
0.944
0.62331
0.88562
0.80274
0.62976
0.80971
0.29099
0.96756
0.85543
0.96751
0.74679
0.4918
0.34834
0.64896
0.89182
0.73628
0.67013
0.30924
0.37058
0.49269
0.41429
0.79115
0.42066
0.26235
0.56617
0.30816
0.7457
0.94146
0.98484
0.71557
0.98366
0.98424
0.42397
0.95482
0.3544
0.98762
0.34464
0.81307
0.58749
0.96009
0.97212
0.59175
0.87315
0.51915
0.53461
0.98713
0.82463
0.5071
0.64101
0.92762
0.89154
0.64145
0.8486
0.70577
0.59674
0.62718
0.51752
0.83693
0.81164
0.85644
0.85849
0.81318
0.64784
0.6468
0.62027
0.80064
0.58557
0.93825
0.97852
0.80988
0.97987
0.31481
0.89499
0.84006
0.64533
0.81014
0.78091
0.47833
0.96748
0.87435
0.88508
0.40763
0.40669
0.81165
0.49953
0.88196
0.95506
0.384
0.6037
0.73597
0.9167
0.60685
0.82256
0.72107
0.3315
0.68669
0.84745
0.99654
0.38445
0.95079
0.50876
0.78572
0.72136
0.47008
0.81287
0.96878
0.96484
0.56196
0.49419
0.32846
0.81221
0.88899
0.74633
0.83822
0.54285
0.52322
0.88003
0.61211
0.62235
0.99081
0.87312
0.98104
0.52128
0.68146
0.80587
0.97786
0.79234
0.4616
0.59883
0.54012
0.702
0.8574
0.93298
0.41006
0.55499
0.96004
0.97875
0.90245
0.28809
0.53951
0.73249
0.70159
0.99172
0.78509
0.83395
0.57797
0.75224
0.98128
0.54438
0.50713
0.79391
0.85299
0.64882
0.89777
0.55013
0.96536
0.8153
0.85485
0.56781
0.71405
0.71049
0.99777
0.76439
0.45185
0.19721
0.80412
0.71461
0.76717
0.83176
0.8963
0.71905
0.74952
0.78408
0.93727
0.92375
0.79467
0.40701
0.35825
0.93503
0.45092
0.57991
0.88548
0.99443
0.6331
0.90428
0.82161
0.5786
0.95829
0.49351
0.48582
0.97839
0.71648
0.9119
0.94017
0.24886
0.998
0.90469
0.69622
0.79341
0.84596
0.43554
0.61403
0.99202
0.6507
0.88946
0.6449
0.78193
0.31782
0.83019
0.79054
0.39984
0.93581
0.80519
0.78435
0.44881
0.48771
0.94056
0.74803
0.37252
0.55978
0.6148
0.70172
0.48689
0.57328
0.91896
0.66053
0.61264
0.57352
0.59544
0.65882
0.74322
0.54826
0.86577
0.78868
0.92264
0.83222
0.9685
0.86885
0.7671
0.76036
0.65871
0.77026
0.58891
0.70344
0.956
0.80351
0.57198
0.96311
0.5692
0.37862
0.88981
0.93433
0.8408
0.37721
0.60411
0.99787
0.8477
0.8082
0.56699
0.54941
0.53876
0.57588
0.52578
0.47534
0.91623
0.48571
0.64729
0.35351
0.87312
0.90179
0.97559
0.99594
0.77385
0.36548
0.60409
0.93322
0.52447
0.99337
0.85646
0.44411
0.6063
0.33441
0.56875
0.74642
0.63798
0.68868
0.76612
0.82844
0.83191
0.93961
0.4112
0.8279
0.90305
0.94225
0.898
0.46196
0.76889
0.95542
0.68956
0.73552
0.24116
0.94721
0.76665
0.88995
0.83004
0.97879
0.96521
0.50219
0.87728
0.71937
0.33528
0.82652
0.39749
0.85954
0.75032
0.40918
0.94932
0.5793
0.4061
0.84952
0.68351
0.99765
0.70961
0.63922
0.86551
0.80009
0.77513
0.98133
0.81863
0.56165
0.74893
0.95586
0.74553
0.94339
0.73089
0.84656
0.82312
0.50358
0.6284
0.83435
0.4966
0.60048
0.69567
0.76569
0.56643
0.72028
0.49623
0.36902
0.9632
0.94323
0.82717
0.27658
0.26766
0.66569
0.58891
0.65886
0.95911
0.55108
0.41246
0.90975
0.55696
0.98881
0.48558
0.72149
0.94444
0.66122
0.678
0.98014
0.71966
0.81869
0.31541
0.92675
0.4152
0.99618
0.63847
0.86514
0.73406
0.67094
0.81533
0.83617
0.91682
0.33552
0.75138
0.83332
0.99839
0.80486
0.67389
0.99347
0.31488
0.84075
0.87926
0.64261
0.85186
0.84282
0.99973
0.41622
0.33547
0.23109
0.94229
0.35944
0.68109
0.83459
0.32717
0.69548
0.40745
0.5815
0.69796
0.71971
0.30593
0.3192
0.98122
0.72946
0.88429
0.61744
0.98676
0.84738
0.50671
0.95588
0.28349
0.59714
0.62447
0.49782
0.90541
0.4663
0.80296
0.22849
0.89595
0.96687
0.93669
0.38061
0.35701
0.47532
0.85195
0.6485
0.69077
0.89719
0.99223
0.91842
0.71555
0.74743
0.92478
0.80451
0.99806
0.40741
0.94256
0.79753
0.65963
0.77051
0.57592
0.52351
0.34336
0.74159
0.99762
0.86832
0.48584
0.41471
0.91762
0.99782
0.4939
0.89945
0.40262
0.55146
0.6107
0.87651
0.88249
0.89502
0.47285
0.88376
0.83385
0.3665
0.91585
0.99354
0.68376
0.66478
0.9745
0.84326
0.5055
0.58022
0.87211
0.74102
0.74834
0.50427
0.78724
0.99992
0.67227
0.56014
0.77396
0.95192
0.7436
0.46097
0.38877
0.86871
0.9068
0.85975
0.86139
0.96242
0.88712
0.69042
0.76013
0.61861
0.50432
0.76204
0.66927
0.96799
0.83264
0.82331
0.35811
0.64221
0.87815
0.31106
0.70904
0.7311
0.37831
0.51556
0.99483
0.77535
0.86212
0.76155
0.77214
0.9194
0.73355
0.63298
0.86932
0.43732
0.99871
0.97021
0.66789
0.36709
0.51062
0.84986
0.94712
0.90087
0.56833
0.85603
0.83717
0.90949
0.97589
0.57304
0.75133
0.8635
0.90909
0.41163
0.73939
0.95207
0.99837
0.64175
0.51256
0.83578
0.64933
0.90754
0.90082
0.868
0.82604
0.85222
0.8023
0.81844
0.77888
0.5341
0.94174
0.46063
0.70651
0.55967
0.32685
0.83004
0.90287
0.65647
0.6523
0.77314
0.6922
0.32433
0.6029
0.77097
0.62463
0.52541
0.24999
0.55449
0.94919
0.97852
0.65695
0.92815
0.56838
0.9337
0.65186
0.67993
0.66121
0.80393
0.97387
0.41664
0.54335
0.75898
0.46091
0.30052
0.92005
0.7305
0.54362
0.87271
0.73053
0.81007
0.81376
0.26864
0.95052
0.94252
0.92419
0.96782
0.46661
0.5866
0.20988
0.47082
0.75852
0.81799
0.26693
0.95615
0.57054
0.61544
0.89194
0.8861
0.42766
0.86521
0.69193
0.78057
0.87809
0.97345
0.85974
0.87298
0.69378
0.64895
0.4503
0.95105
0.95869
0.93864
0.72571
0.76728
0.60773
0.80149
0.98574
0.77544
0.50489
0.50713
0.76674
0.46256
0.71553
0.90657
0.62941
0.99261
0.79788
0.89415
0.82501
0.81862
0.5272
0.91933
0.96192
0.70751
0.74877
0.70357
0.93506
0.99378
0.74141
0.9153
0.57566
0.96846
0.62098
0.90062
0.95449
0.97125
0.27685
0.9654
0.44733
0.3657
0.74715
0.54527
0.60196
0.73565
0.50201
0.91621
0.39712
0.99123
0.74718
0.75843
0.25202
0.82345
0.95448
0.76373
0.87342
0.74594
0.99847
0.39809
0.64575
0.69013
0.43745
0.58848
0.98018
0.42678
0.25619
0.58384
0.68101
0.77739
0.90782
0.5313
0.68043
0.86801
0.61595
0.60539
0.97478
0.91098
0.88208
0.7374
0.41333
0.61538
0.76557
0.87292
0.55357
0.99504
0.89108
0.84631
0.98733
0.41829
0.90821
0.915
0.91096
0.52013
0.61728
0.3303
0.47393
0.6614
0.69115
0.97032
0.77549
0.92723
0.65745
0.59299
0.98908
0.61298
0.4761
0.65173
0.64226
0.40867
0.75387
0.99154
0.92868
0.98451
0.77046
0.56988
0.38798
0.68719
0.96578
0.87237
0.72819
0.66609
0.30914
0.86474
0.70946
0.32788
0.74462
0.67374
0.9703
0.2278
0.76206
0.89018
0.43086
0.78159
0.83226
0.43778
0.91487
0.63685
0.90693
0.59756
0.94737
0.64411
0.31507
0.57067
0.88954
0.7684
0.72241
0.77811
0.76755
0.88548
0.81373
0.53821
0.80011
0.96294
0.62402
0.43003
0.77026
0.56894
0.80196
0.61947
0.88785
0.42213
0.49459
0.73756
0.99397
0.89356
0.76987
0.59628
0.43241
0.38327
0.54393
0.50004
0.89709
0.85889
0.94472
0.99049
0.63377
0.8227
0.89831
0.73649
0.90374
0.90752
0.4594
0.9486
0.92145
0.31953
0.70538
0.45951
0.50019
0.41796
0.27691
0.87698
0.56697
0.74158
0.76713
0.83902
0.77018
0.66576
0.39514
0.56791
0.4549
0.68147
0.85506
0.68076
0.99413
0.76882
0.58066
0.93488
0.92822
0.5109
0.46913
0.9766
0.63928
0.99689
0.87768
0.90906
0.65082
0.85432
0.9752
0.67983
0.29388
0.68839
0.98249
0.67722
0.87419
0.93186
0.61173
0.92812
0.80458
0.91761
0.39065
0.80577
0.98927
0.59524
0.86456
0.59124
0.51691
0.66672
0.31583
0.75423
0.46736
0.7028
0.73223
0.36972
0.65008
0.5855
0.32507
0.7569
0.78297
0.99038
0.75723
0.95649
0.42517
0.80332
0.5887
0.46561
0.82977
0.87176
0.65837
0.40077
0.52583
0.84326
0.46819
0.98049
0.5626
0.67436
0.87014
0.50901
0.99706
0.75655
0.79414
0.87205
0.35823
0.5037
0.43789
0.55224
0.96337
0.54364
0.65849
0.71382
0.67205
0.86562
0.62992
0.80536
0.85386
0.55102
0.93969
0.69595
0.84985
0.47722
0.69917
0.80512
0.85406
0.52691
0.96979
0.38865
0.85003
0.65603
0.95148
0.96316
0.44993
0.48669
0.79767
0.98047
0.45478
0.4853
0.89436
0.69705
0.36651
0.9851
0.77583
0.49829
0.74549
0.87711
0.82627
0.86
0.48089
0.25989
0.77546
0.68578
0.75084
0.98275
0.43817
0.32376
0.85014
0.82388
0.63778
0.79866
0.60559
0.93447
0.71089
0.44432
0.86209
0.35876
0.47553
0.95306
0.68059
0.58833
0.84979
0.86636
0.43343
0.75145
0.80472
0.40367
0.45586
0.56139
0.5188
0.47023
0.91362
0.80561
0.85205
0.86034
0.85525
0.69955
0.86915
0.38195
0.72074
0.94876
0.766
0.63102
0.87926
0.89187
0.66635
0.70819
0.96584
0.71856
0.49999
0.86202
0.6147
0.61215
0.55506
0.54508
0.98812
0.34236
0.50395
0.9352
0.65826
0.75007
0.89918
0.83983
0.93526
0.63094
0.6187
0.53455
0.56942
0.88701
0.93321
0.64426
0.73522
0.93716
0.77432
0.56789
0.7364
0.99837
0.65689
0.51479
0.95526
0.81921
0.7426
0.42443
0.55046
0.89818
0.67706
0.62903
0.74936
0.95832
0.9365
0.91093
0.5327
0.97233
0.47904
0.52167
0.6843
0.50915
0.75265
0.69392
0.60614
0.88925
0.81039
0.88335
0.5552
0.86768
0.97356
0.83861
0.58141
0.74431
0.6664
0.27755
0.98214
0.57539
0.8797
0.62606
0.50383
0.61724
0.77919
0.72217
0.52912
0.58064
0.74364
0.81143
0.65492
0.84181
0.74394
0.52817
0.79188
0.52957
0.59201
0.88919
0.99557
0.37466
0.78343
0.66579
0.75296
0.85968
0.78989
0.82484
0.97259
0.53289
0.60742
0.76974
0.40577
0.98564
0.68027
0.93856
0.71305
0.90982
0.97472
0.87013
0.56282
0.5382
0.99696
0.84958
0.79258
0.70366
0.97056
0.54513
0.97382
0.72738
0.63652
0.67073
0.32272
0.75272
0.7227
0.79059
0.75256
0.2842
0.33924
0.54882
0.3802
0.926
0.72529
0.41632
0.41301
0.42004
0.99216
0.88183
0.32028
0.67192
0.68585
0.46329
0.44841
0.99766
0.81612
0.66724
0.61318
0.8948
0.54331
0.47496
0.30701
0.44958
0.97299
0.57051
0.55894
0.756
0.45549
0.8527
0.82254
0.9334
0.6205
0.5558
0.37415
0.64483
0.88815
0.56255
0.6481
0.54458
0.66643
0.93656
0.58477
0.63812
0.5756
0.41084
0.41874
0.95201
0.94813
0.59541
0.90688
0.57751
0.86862
0.78186
0.72793
0.52096
0.86278
0.81318
0.72374
0.89958
0.54776
0.36023
0.66114
0.83952
0.65509
0.8154
0.46848
0.83325
0.72156
0.62355
0.96968
0.79226
0.57179
0.72291
0.30966
0.40952
0.32358
0.86554
0.93243
0.3485
0.85238
0.83335
0.56171
0.49162
0.82271
0.93346
0.89461
0.57449
0.82965
0.74577
0.69413
0.67315
0.36401
0.99634
0.83732
0.5964
0.92073
0.55941
0.86586
0.87687
0.69118
0.45418
0.55099
0.75711
0.48991
0.75118
0.72884
0.56132
0.89169
0.82681
0.3902
0.78394
0.55807
0.65337
0.93353
0.65977
0.95836
0.8895
0.61263
0.74523
0.64188
0.93271
0.72746
0.89182
0.71889
0.69596
0.515
0.77316
0.75522
0.42165
0.98088
0.98273
0.95669
0.66991
0.76301
0.87105
0.86542
0.41835
0.44035
0.98811
0.6701
0.71416
0.78926
0.74709
0.64689
0.83232
0.62633
0.78311
0.84305
0.9018
0.3989
0.7669
0.74918
0.93583
0.83859
0.64877
0.65357
0.92691
0.6753
0.86334
0.51885
0.81362
0.61204
0.9678
0.63078
0.75591
0.55493
0.99976
0.84034
0.87473
0.40532
0.79774
0.81653
0.85261
0.94557
0.38479
0.58671
0.97247
0.96514
0.45408
0.6443
0.83325
0.42668
0.98729
0.8701
0.89581
0.7189
0.7826
0.82103
0.67758
0.63258
0.53806
0.39515
0.66178
0.92438
0.87756
0.59245
0.41661
0.79988
0.74381
0.66145
0.92446
0.93764
0.9756
0.79871
0.61414
0.83704
0.79426
0.56561
0.75761
0.85487
0.79325
0.81815
0.88594
0.75825
0.46166
0.57438
0.86265
0.98613
0.80343
0.75593
0.98273
0.71034
0.31511
0.528
0.4333
0.43525
0.41967
0.82021
0.8087
0.6314
0.964
0.56495
0.69701
0.78663
0.44011
0.83303
0.62469
0.89645
0.56323
0.94701
0.49138
0.81098
0.89918
0.98467
0.6746
0.83547
0.53706
0.52561
0.83372
0.71865
0.587
0.67973
0.57278
0.67564
0.63033
0.54291
0.67951
0.84279
0.5347
0.86854
0.80328
0.50087
0.98046
0.72938
0.9403
0.69144
0.92217
0.78324
0.64057
0.89756
0.69138
0.58412
0.66423
0.73723
0.8586
0.48945
0.74052
0.79325
0.33175
0.661
0.88462
0.44493
0.53004
0.89084
0.65183
0.55819
0.46965
0.70523
0.98802
0.84397
0.83886
0.87983
0.67004
0.56665
0.44629
0.74684
0.88814
0.71648
0.94319
0.74486
0.9673
0.89577
0.73695
0.92609
0.82879
0.89073
0.74557
0.62932
0.79693
0.87191
0.77682
0.69202
0.53931
0.99074
0.74677
0.92448
0.52853
0.96622
0.47193
0.56773
0.67582
0.78227
0.46766
0.42828
0.98678
0.93433
0.77027
0.58365
0.55929
0.9644
0.55056
0.64236
0.60037
0.65579
0.63973
0.80265
0.65198
0.52332
0.87061
0.54574
0.42746
