939.57851
939.69823
939.70087
942.1909
940.1252
939.56678
939.98927
940.02982
939.61805
940.78361
940.0381
939.92205
939.9723
939.97188
939.62898
939.65019
939.64282
939.96561
939.96107
939.64648
940.94255
939.81578
940.26662
939.64757
941.7429
939.57736
940.85466
940.56722
939.80572
939.79457
939.89595
940.39814
939.63802
939.98891
942.81979
939.62728
939.88015
940.32048
939.60382
941.53389
940.13809
939.57338
939.74373
940.01449
939.74929
939.63994
939.58183
940.15402
939.60448
940.54173
939.59172
939.61219
940.34887
939.66134
940.68114
939.57313
940.92204
941.41638
939.5935
940.18252
939.76537
939.57293
940.17991
939.93226
940.68003
939.6595
939.68936
940.88085
940.35013
940.41058
939.59676
940.44837
939.58967
939.72185
940.20562
947.47519
939.75615
940.11749
939.60854
939.60881
939.9791
940.15156
940.09225
939.71962
939.80865
939.6906
939.57948
940.20005
939.89241
939.88377
939.79639
939.62316
939.5825
940.24131
940.74503
939.77721
939.66426
940.05643
940.25963
940.68536
940.86407
940.02386
942.64225
939.92984
940.03482
940.23745
940.1567
939.80497
940.2309
940.19159
940.58219
940.39631
939.6594
939.90592
939.82726
940.06206
940.01402
939.57506
940.33563
940.18279
939.63611
940.41615
940.15741
940.32221
941.65937
940.03487
939.94867
940.69751
939.98924
939.61243
939.72181
940.36364
939.65056
940.71028
940.69635
939.82333
940.16308
940.07011
940.45944
940.37253
940.54091
939.59795
939.68261
940.5433
939.75314
939.88412
939.82748
939.68722
939.9048
940.06303
940.00851
939.64692
940.28091
939.96472
940.01409
939.7526
939.58041
939.83839
940.20516
939.64341
939.74773
939.69818
939.61476
940.52676
939.8561
939.60306
939.6107
939.8031
940.15776
939.69621
939.97023
940.07746
941.45195
940.2286
939.72511
940.19335
940.46088
940.89093
939.68411
939.63106
939.58287
941.2739
939.93757
940.99814
940.07983
940.08627
943.38004
939.86709
939.71192
940.15431
940.4841
939.7419
940.19017
939.94854
940.74167
940.58168
939.60542
940.25177
939.64151
939.77309
939.66083
941.31917
939.65589
939.76103
939.66494
943.72779
939.74549
939.8461
939.74398
941.71822
940.19996
940.50065
939.72679
940.23009
940.69868
939.8335
940.30261
939.69502
940.41008
940.21914
939.78449
939.64559
939.63697
941.4045
940.83023
940.001
941.07741
939.68176
939.76889
939.56843
939.79093
939.58
940.13521
940.52039
939.83737
941.12775
939.72345
940.42684
939.60163
940.66862
939.64695
939.82912
940.40944
939.66195
939.72579
939.936
939.73038
940.37318
941.09963
939.71737
939.59572
942.64043
939.59485
939.73494
940.03814
939.86071
941.68816
939.80004
939.89509
939.94507
939.85448
939.56864
940.28778
941.64648
939.78053
940.22854
940.24772
940.84321
939.66566
939.81237
939.62389
939.62666
940.48397
939.87427
940.74654
939.64102
940.28572
941.03564
939.98153
939.92039
939.77265
939.8452
941.34471
939.86898
939.67856
940.07079
939.62203
940.30489
939.71125
940.82309
939.75086
939.61196
940.0759
940.53111
939.67042
939.86132
939.78223
940.20722
939.9033
939.94776
939.7021
940.66821
939.71789
940.08005
939.57429
940.04977
939.74845
939.61922
939.59788
939.65921
939.646
939.79467
940.3779
941.73384
941.9222
939.64841
940.23908
939.61778
939.64096
939.93301
940.39631
940.09899
939.5824
940.22752
940.95446
939.89955
941.5135
939.75753
941.44521
940.8812
939.78363
941.30753
940.21678
939.59188
939.58467
940.10438
940.70231
940.12657
939.77122
939.95313
939.73784
940.35414
940.4489
939.57181
940.02871
939.84437
939.63304
939.58219
939.74889
939.665
939.85251
939.98896
939.7111
941.58279
941.50161
939.82092
940.27954
939.64866
940.02073
939.60643
939.7269
939.68745
941.43599
939.63346
939.66629
939.80994
940.12996
939.88978
940.28152
939.79805
940.55407
939.65955
939.68089
939.58059
940.80505
939.8079
939.94821
940.9675
939.84176
939.59659
939.68179
939.71469
940.9419
939.81546
940.20102
940.97813
940.24681
940.58054
939.63343
940.05697
939.57175
940.10181
939.76593
942.07753
939.74948
939.80082
941.59962
940.70221
940.66061
939.64126
939.95036
939.87856
940.77918
939.98632
940.08163
940.38556
940.54694
941.17264
940.39442
939.64943
939.57346
939.82452
940.11134
940.40838
939.74029
940.31003
939.68346
940.97442
944.26645
940.09764
939.58245
939.87675
939.86859
940.2232
939.72724
939.82454
939.94325
939.7374
942.4379
939.62825
939.62254
939.62588
941.35272
939.75378
939.57749
939.74492
939.8568
939.90031
939.66749
941.20862
939.7141
940.01152
940.54328
939.66474
940.12338
940.0597
939.75373
939.60526
942.25917
940.14163
939.83016
941.20392
939.9683
942.2871
939.81546
940.25022
941.34854
940.46846
941.69771
939.81391
939.9265
940.84004
939.61826
939.98848
939.80347
940.32522
939.78357
940.33205
939.88665
942.68878
939.6569
939.90029
939.65597
940.01895
940.0586
939.9812
940.60456
939.6115
940.7424
940.93964
940.27284
940.19683
939.72271
939.90821
939.74268
942.43475
939.65611
940.9324
939.81551
940.00912
940.68883
949.90399
940.0949
939.8961
940.2436
940.3951
939.65405
939.90193
939.77669
939.94401
941.60832
939.62315
940.60028
941.57246
941.42921
939.72927
939.77798
940.34221
941.04742
939.79304
940.03124
939.65016
939.59065
940.04724
939.66067
940.31529
939.65678
939.65094
939.89916
940.10607
940.13669
940.38737
939.57402
939.91232
939.81651
940.28418
939.64677
940.30701
940.30408
940.27407
940.16871
939.7818
939.60137
939.77685
940.13224
939.61546
940.56241
939.79723
939.82839
939.89983
939.79318
939.62912
939.91803
941.12729
940.91389
939.88525
940.03552
939.82109
941.10391
939.70334
939.88366
940.00305
940.28498
940.44201
940.26865
939.90747
939.58157
939.6188
940.09666
939.87328
941.27724
939.85127
939.90983
940.64419
939.72423
939.83104
940.35792
939.67347
939.76502
940.81627
940.21965
940.48359
940.89889
940.36055
940.66408
939.70776
939.71159
940.47887
939.70289
940.05914
939.65088
939.69844
939.63134
939.78435
939.84372
939.64328
939.73816
939.7144
939.68379
942.36924
940.25789
939.94141
941.20593
939.80824
939.73077
940.25045
939.64751
940.58503
940.34605
939.66545
941.10096
941.44849
940.03659
939.62827
942.07249
939.96296
939.57728
940.04646
940.43528
939.68383
939.75711
940.03613
939.90649
939.65244
941.42914
939.72441
940.00259
939.56774
939.68474
939.82917
939.76615
940.74359
940.34904
939.76447
940.40998
940.82159
940.31015
940.63091
939.68022
941.2431
939.85136
939.87719
939.68382
940.06886
939.59381
941.12539
940.5854
939.8103
940.14055
939.6661
939.6062
940.23011
939.96892
939.9006
940.14396
940.52395
939.77139
939.5858
939.78834
940.08898
940.54826
940.29845
940.19409
940.10535
940.24334
939.91861
939.75028
939.56753
940.16593
940.11012
939.65168
940.23551
939.59637
940.25355
939.65993
941.44101
940.00474
940.79671
939.99351
940.31501
939.58174
939.68469
939.87168
939.8615
939.96931
939.92745
939.84698
941.32435
939.7839
939.90811
940.38693
939.72529
939.6876
940.48641
939.9436
939.91819
941.6423
941.2599
940.11319
940.69019
939.68343
939.87869
939.5919
940.9049
940.16781
940.02256
940.85203
942.56714
940.78246
939.68007
939.67952
940.78405
939.85351
940.52917
939.85122
939.63694
940.14617
940.09331
939.79748
940.02389
939.59675
939.7247
939.68863
940.02523
939.5779
939.61142
940.02409
939.68579
940.61614
940.11679
939.65291
939.86792
940.68653
939.61833
939.72088
940.24017
939.59218
939.7839
940.29626
939.70683
939.61064
939.64356
940.25759
939.87325
940.05896
941.9988
939.77209
941.96361
940.55858
939.79062
939.65182
939.84669
940.59437
940.01658
939.83374
939.78014
940.63869
939.88938
940.16661
939.91544
939.57581
944.94917
940.74936
939.97506
941.67379
939.85677
939.9125
940.06012
939.91822
940.30875
940.65133
939.8967
939.59893
940.08972
944.20904
941.8724
939.92429
940.20558
940.45737
940.03677
940.1436
943.3615
940.19916
940.67357
939.57087
939.69276
939.63171
941.16937
939.71208
939.57367
939.68024
939.63937
939.73833
940.08336
939.96449
939.58621
940.08142
940.11551
940.19701
940.0568
939.79078
941.04992
941.27586
939.99381
940.56601
939.70117
939.77432
939.60228
939.61833
940.41349
940.36809
940.52929
939.86265
939.93621
939.8759
940.35769
939.69552
940.1398
942.36702
940.14974
940.93827
939.86211
939.65927
940.60919
940.45464
941.73872
939.63581
939.67951
939.60907
940.11211
940.7811
939.99004
940.1771
939.94653
940.41879
939.69913
941.85656
941.7645
940.47704
940.25098
940.01003
939.8454
939.73641
940.23206
939.94299
940.69461
939.60178
940.97705
941.29451
939.74235
941.4288
940.88679
939.69296
940.34501
939.69366
939.85672
940.12878
940.64384
940.00326
940.98849
939.99411
941.29843
941.16824
941.04826
940.77023
940.14317
939.67707
940.55629
939.8261
939.7213
939.63932
939.74936
940.64143
939.64187
939.87357
940.08541
940.16729
939.65163
941.08861
940.1964
941.09235
939.98593
941.52966
939.99769
940.78257
939.69742
941.3991
942.10553
940.3306
940.96845
939.87247
939.58192
939.82084
940.1572
940.36465
940.12796
940.05858
939.79455
939.7201
940.0893
939.83896
939.81837
939.95708
941.37073
939.80707
940.31077
939.83783
940.16024
940.23289
939.94212
939.79777
939.73495
940.06773
939.75737
940.13827
941.04612
939.75945
939.70448
939.81273
939.64388
939.65438
939.69487
939.71437
941.057
940.21697
939.67261
939.90569
941.15788
939.932
940.08543
939.78491
940.32825
939.59268
939.57993
939.6124
940.51684
939.94315
939.99779
940.32657
939.77895
942.67277
941.38833
941.03006
939.73293
940.09284
941.21859
941.04496
939.73912
939.98427
939.67792
940.25819
942.51986
941.21878
939.8532
939.61373
939.90985
940.51253
940.56351
939.77546
940.7448
939.61708
939.8975
939.92967
939.60312
940.89998
940.52564
940.14535
941.13674
940.43523
940.06899
939.84397
940.18677
944.38709
939.6327
940.18682
939.58277
939.68318
940.12447
940.28094
939.92455
939.7016
939.66596
940.41061
940.04426
940.3635
941.93833
939.79298
940.28862
939.76025
939.74919
939.71847
939.69714
940.18118
940.26994
939.85108
939.61549
939.89204
939.56701
939.87098
939.61602
940.9362
940.06159
939.71598
939.69996
940.02904
940.72983
939.69865
939.69323
939.70475
941.31553
939.59281
939.65922
939.89899
939.62906
940.95184
940.37754
939.91622
941.88265
939.79484
939.98692
939.85903
940.3942
941.01097
941.91654
939.80928
939.60052
939.61659
939.95483
939.58133
939.65466
941.26614
939.75467
939.7687
940.33059
940.13387
939.90312
939.90952
940.10939
940.07421
940.26139
939.64266
939.90574
943.70791
939.90807
939.93835
939.59365
939.87026
942.08136
940.42723
939.73692
939.78368
939.91543
939.96692
939.91848
939.91613
939.80445
939.85225
940.44736
940.57243
940.05576
940.15795
939.69272
939.64539
939.65326
939.83135
940.94967
939.85826
939.63643
940.78464
942.6255
940.08388
939.77547
939.76777
940.10843
940.48338
939.84311
940.06266
939.63485
940.47482
939.57793
940.23312
939.70426
939.7588
940.09102
939.99451
940.32832
941.90878
939.60714
940.13873
940.3221
940.04992
939.72179
939.71116
940.37589
939.68813
939.99303
940.18822
939.75747
940.03466
940.52175
940.09106
940.30353
939.78549
939.64088
939.77167
939.81204
940.69831
939.98429
939.65959
939.94556
940.36484
939.6485
940.49586
939.81099
940.62959
939.94629
941.41523
940.44932
941.99625
941.05941
939.82809
939.56909
940.18667
939.74385
940.29572
941.08371
939.99804
940.91938
939.71964
939.64072
942.19439
939.92886
940.08025
940.26577
939.701
940.01949
940.36321
940.59759
940.20978
939.77354
940.49094
939.62731
940.13932
939.61149
940.05979
940.24485
939.69085
939.67939
942.53901
939.60204
940.46894
940.27029
941.48511
939.68344
940.09821
939.75801
939.78918
940.01842
940.09537
943.17629
940.14958
939.96659
939.86237
939.61333
939.74529
939.58653
942.94296
939.60951
940.46689
940.06478
939.63272
939.83091
939.66137
940.10657
939.7811
940.03648
940.42057
939.70579
939.60922
940.93977
941.48143
939.98914
939.86686
939.58291
940.75723
941.49102
940.96295
939.66385
940.22041
939.86177
941.43652
939.68175
940.54751
939.78235
939.78856
940.0904
939.69059
939.62312
940.0232
940.07383
940.58286
941.47911
940.15676
939.63296
939.68664
940.03491
940.22834
939.93526
939.7593
940.08914
939.63803
940.49219
941.13855
940.21859
940.05465
939.64873
939.81581
941.141
939.61228
939.9489
940.10787
940.46723
939.67462
939.58006
940.04216
940.28893
941.18628
939.99244
941.35951
939.58747
939.59345
940.52928
939.94653
939.91975
941.46469
939.74787
940.04168
939.78061
940.2912
939.92683
940.02981
939.65721
939.6899
940.19784
939.81978
940.10665
940.28336
939.92183
940.28896
941.5008
940.67624
939.58255
940.42441
940.31238
939.66716
939.7146
941.46316
942.66375
939.59602
940.65657
939.98091
940.55905
940.28915
939.70137
941.13912
939.93056
940.17755
939.92861
940.07056
941.07929
939.86872
940.02972
940.13309
941.59022
939.66083
939.98331
939.79767
940.05914
940.50683
939.74227
940.59702
941.1866
939.84063
939.9217
940.60629
940.8272
942.00828
939.89506
940.1862
939.85773
940.3537
941.40797
941.16154
940.06293
940.54833
939.74264
939.66581
939.56807
939.87053
939.57635
940.79021
940.01645
940.55642
940.42887
940.66687
941.95142
939.64862
941.44724
941.19439
940.44812
941.05995
940.04225
939.6686
939.89549
940.11565
939.97776
939.74654
939.87134
939.58777
940.60336
940.06583
939.57436
939.66889
939.81231
939.67368
940.68174
939.67062
939.85006
942.85129
939.62267
939.81561
940.9131
940.23955
940.05933
941.05769
940.12994
939.84352
940.89059
939.72623
939.62147
939.71064
940.01591
939.85275
939.96408
941.60318
939.74384
942.15774
940.75886
939.91701
941.80511
939.97138
939.69781
939.97549
941.90346
939.74937
940.01301
941.19578
939.86069
940.96901
940.31231
940.57581
940.57193
939.87404
940.64564
939.94906
940.30051
939.7656
941.60311
940.25586
939.88401
939.81688
940.09934
939.74926
940.07505
941.10848
939.66896
939.83936
939.59473
940.88149
942.30464
939.74042
939.71057
940.57973
940.63345
940.37811
940.1547
939.66114
942.13583
940.40646
940.72751
940.01616
944.70062
940.17409
939.7881
939.78614
939.594
941.29026
940.02457
942.26035
939.85355
940.04546
939.96584
940.13684
940.54911
940.31926
939.57262
939.59133
941.30392
940.18065
940.15507
939.60113
939.60274
940.77827
939.62542
939.68815
940.27701
939.64159
940.02991
939.89082
939.67627
940.94824
939.83053
939.68486
939.7241
940.25222
940.22183
940.68641
940.79941
940.27145
939.97293
939.7105
939.61354
939.75098
939.66366
940.92917
940.6256
942.70208
939.97168
940.66809
939.68693
940.2146
939.64564
939.9559
939.8814
939.62295
939.62373
939.97173
940.87506
940.10479
941.37753
940.46187
939.58006
940.43027
939.74008
940.94407
939.57406
939.75007
939.77747
940.06988
941.08539
939.94224
939.71097
940.28966
939.64875
940.03
940.11635
941.21966
939.62294
940.11486
940.52897
941.31603
939.63408
940.03357
940.06898
940.45698
940.11253
939.61191
939.68159
941.03888
940.18608
939.57679
940.6645
939.80438
940.27145
939.81469
940.17659
939.78252
939.70884
940.04253
940.36961
940.96532
939.7318
940.34336
939.74491
940.55912
941.54888
940.47142
939.67676
940.27009
940.49928
940.09124
940.21404
941.57185
939.7165
939.89766
940.82161
939.73211
941.84144
940.72832
940.2315
939.57305
939.90569
940.24066
940.26184
939.69029
940.12865
939.67574
939.625
939.58534
939.92264
940.30155
940.85049
940.83726
940.01883
942.65388
940.35423
939.88341
940.47253
939.91528
939.60971
940.24116
940.48785
942.12781
939.85058
939.87382
940.63899
940.59348
939.65518
940.40202
940.302
942.46048
940.77373
940.26463
939.75877
939.84913
939.91072
940.41666
940.18873
943.05983
939.75942
940.58719
939.6583
939.9754
940.68426
939.78752
939.76153
940.16198
940.37977
939.58342
939.82271
939.83094
939.76381
940.20509
940.03511
939.81533
939.7059
941.02252
940.234
939.80839
940.09102
939.74767
942.16404
939.98941
940.65393
941.17107
940.49282
939.63758
940.14075
940.73063
940.47464
940.63781
940.35499
940.53166
939.78806
940.04464
939.82393
939.64461
939.8937
939.99433
939.65406
939.65035
941.18631
939.88267
939.7017
939.75778
939.85358
939.74335
939.65501
943.35474
940.10494
940.3127
939.65799
939.71346
940.56489
939.62836
939.85712
940.72472
939.88701
939.82503
940.814
939.8219
941.52873
946.1285
940.95835
939.77421
940.07926
940.00305
939.99942
940.73464
942.18093
940.39116
939.83044
940.43692
939.89761
939.80358
939.82122
939.59865
940.61721
939.62231
941.08453
939.65393
939.88035
940.02953
939.62459
939.82249
939.80037
939.71922
941.00271
940.49663
940.59179
940.2075
940.66286
939.71712
939.77545
939.99922
940.90825
940.14112
942.33376
939.70245
939.74499
940.14439
939.83286
940.28881
940.39256
940.60706
942.10798
942.84698
939.59973
939.76631
939.8812
941.21701
940.00471
941.33953
939.60473
941.26759
939.80043
940.0125
939.95234
939.72003
940.02963
941.04387
940.38497
939.64539
940.07461
941.89203
942.21729
940.27868
941.27255
939.86919
941.0081
939.77719
940.12553
940.16176
940.4131
939.6517
939.854
940.46265
940.85531
939.76696
940.13394
939.57984
940.14286
940.55868
940.58396
939.70819
939.57165
939.97284
939.62491
940.54423
939.60278
939.90496
941.3342
942.30476
940.55151
940.32402
939.65709
941.65314
939.73803
940.4184
941.10785
940.09724
940.59113
939.76551
940.05149
942.80242
940.51851
939.97269
940.05125
939.57717
941.24214
940.19838
940.26741
943.82106
939.60903
940.85207
939.58227
940.11084
940.22175
940.04817
939.61407
939.63497
939.60706
940.2692
944.63282
939.67464
940.06616
939.69548
939.62155
940.10364
939.91099
939.68729
940.5102
940.23672
940.47816
944.28091
939.63152
939.58931
939.80145
940.45035
939.61471
939.6177
941.71006
943.27438
941.95493
939.61222
941.86995
940.27466
940.89936
939.86843
939.69028
941.03762
941.03186
939.91127
939.60911
940.70556
940.38599
939.7287
939.60425
939.87779
939.87268
939.83806
939.9912
940.71017
939.8118
940.94554
940.13004
939.64962
940.38816
939.78243
939.89376
940.4964
939.91609
939.66201
940.28654
939.73181
940.26103
940.12926
940.13262
940.60408
942.93695
939.83398
939.61544
939.61738
939.78862
940.25952
940.02399
940.4245
939.85418
941.3788
940.16769
939.60674
939.96784
942.50138
940.35845
939.7604
939.60987
939.61593
939.91963
939.92163
939.86508
939.63302
942.7707
940.06129
942.20108
939.87669
941.17254
939.75329
940.28747
939.63925
940.16477
939.6144
942.37742
940.01242
939.6513
939.71713
939.88787
939.88532
942.97341
940.10602
940.4692
939.75883
940.21074
939.72292
940.14489
939.76526
941.60498
941.45658
941.30099
940.19697
940.1922
939.70974
940.65395
940.42063
940.0965
940.58119
941.36231
941.65268
939.58984
939.6684
939.8006
940.18324
939.90247
940.60042
939.66884
940.52042
940.16515
940.11175
939.82639
939.93121
939.70902
941.65041
941.66253
939.72426
940.73608
941.10751
939.68381
940.05863
939.58983
941.42599
940.17573
939.90171
940.75978
940.91422
940.12309
940.13912
940.67507
939.7698
939.83042
939.57157
939.74222
939.93506
939.86659
939.75273
941.59276
939.90482
940.11647
940.50361
941.39073
941.34283
940.52712
940.03764
941.06087
940.81985
940.35749
941.02241
941.05984
939.83329
940.2917
941.34433
939.73483
939.66628
940.12101
940.25059
939.62277
942.65637
939.57902
939.73479
942.78062
940.7541
940.20913
939.5718
940.8396
939.64114
940.18054
939.68058
940.85835
939.58727
939.71546
941.22413
939.97829
940.05771
940.09273
940.95248
939.68704
940.70586
942.35015
939.64654
939.80671
939.59106
940.61007
940.37611
939.67762
939.9128
939.65392
940.17569
940.89533
943.91062
939.91535
940.10206
939.83658
939.72259
939.95694
942.07833
940.08776
940.39337
942.16398
939.83819
939.78077
942.20994
939.83052
940.14968
940.31775
939.65108
939.67376
940.02211
939.93666
940.49426
940.05559
939.93719
941.92986
939.58061
939.81274
941.03217
941.15486
939.99135
939.83292
940.74318
942.14082
939.70708
939.92616
939.85166
942.89577
939.5821
940.50477
941.17682
943.12391
942.52465
939.64153
940.75251
940.96236
941.46845
939.88799
939.62412
939.92098
939.56659
939.80769
941.17325
939.75114
940.27538
939.5781
939.67859
939.58394
941.26547
940.40398
939.6024
939.70064
939.58389
941.36439
940.25262
939.8046
939.59161
939.63452
939.65616
939.7153
941.87983
939.57916
940.0294
940.50683
939.64091
939.62085
940.36363
939.96927
939.86294
939.62672
940.14708
940.12919
941.40922
939.62342
939.74064
940.58549
940.70687
940.61071
940.20012
940.14489
939.70832
939.78387
939.64328
940.06701
939.88568
941.41342
939.68476
941.38858
939.77946
940.2785
940.54472
940.56273
939.8755
940.95782
939.98635
940.57579
940.37235
940.10844
940.24081
939.61304
940.54106
940.1587
941.82826
940.35159
939.88373
939.86018
940.41876
940.79818
940.19004
940.6062
939.61689
940.02216
939.69862
939.75317
941.70481
939.73293
939.90501
939.64585
940.40012
940.11185
939.64319
940.45462
940.73212
941.4012
939.68032
941.88422
940.6872
939.88267
939.60077
939.71715
940.16632
940.82073
939.71468
939.9652
939.6961
939.5811
940.09788
939.64932
940.00951
941.01763
939.72571
939.70967
940.70331
943.12914
939.59445
940.18603
939.91832
940.44816
939.87968
941.10895
941.53445
940.38047
939.80689
940.94868
940.7386
940.55117
939.88145
939.84437
939.93889
939.74488
939.69759
940.19802
939.57136
939.79093
940.39583
939.69015
940.26363
940.7088
940.99076
939.59546
939.66112
939.56713
939.90359
940.46644
939.74138
940.33529
939.61243
941.20825
939.84543
939.99251
939.72302
940.55042
939.61531
939.69036
940.46669
940.44242
940.29304
939.97176
941.19107
939.81875
940.09539
939.98248
940.75133
939.93818
939.99711
939.5838
940.27242
939.77468
939.91312
939.66237
941.01089
940.94074
939.97764
940.36121
940.49301
939.62009
939.71306
942.63592
940.02103
940.00699
939.99748
940.24077
939.8602
941.91756
940.13989
939.98233
940.34352
939.60931
939.94355
941.85698
939.81432
939.87265
941.28462
940.90531
941.14744
939.66537
940.74503
942.7977
940.09068
940.64935
939.65566
940.56105
939.89979
939.71684
939.57922
939.92088
939.59267
939.58175
940.41583
940.30689
939.59685
939.61023
939.71278
940.24501
939.90564
941.19664
940.46742
941.29843
939.91448
940.25958
940.54912
939.65619
941.60065
940.55951
939.72018
939.57671
939.67298
941.96509
939.97279
940.01357
939.73704
940.03758
940.98697
939.79008
941.22478
939.59266
939.83485
940.8983
939.68887
940.46601
940.87963
940.42785
942.96042
939.91167
939.6465
939.95654
941.93507
943.14398
941.61665
940.07093
939.64531
939.60589
939.86996
940.20341
941.38565
939.75246
939.73715
939.59497
941.33888
939.70678
939.84178
942.35672
940.4642
942.2207
940.32621
940.73143
941.23372
939.64387
940.25589
940.14854
939.74435
939.66444
939.6908
939.6248
940.31462
940.25943
939.825
939.81196
940.09478
940.59249
939.76749
940.05765
939.96654
940.1186
940.72167
939.62351
939.67145
939.93739
939.69691
941.40086
940.24515
940.50966
939.60391
940.16894
940.18569
941.40017
941.28851
940.53508
941.69057
940.49598
939.91742
942.07525
939.73015
940.59415
941.0176
940.13091
940.17019
940.86299
939.61624
940.99823
939.70674
939.85122
940.15498
941.463
939.69941
940.28258
940.80641
939.77466
939.7447
939.67203
940.34263
939.65268
941.57761
940.3197
940.96702
940.05016
939.73855
939.88165
940.1982
939.78394
939.76882
939.64249
941.48307
939.68065
940.21952
941.34419
940.56174
940.48389
940.21736
939.59611
939.66959
939.63169
940.26789
941.58179
939.79003
940.95648
939.68704
943.15089
940.59613
941.3802
939.64219
939.8777
941.46353
939.97529
939.99181
939.91655
940.34017
940.03382
940.33356
940.12612
940.59892
939.84208
939.71424
940.30387
939.75578
939.58325
940.56968
940.48001
940.19743
940.32119
939.79214
939.75248
939.84035
939.92272
939.80684
939.76302
939.64526
943.12743
940.96998
940.15933
940.77319
939.60511
940.20041
940.07678
941.15524
939.94038
940.23419
939.90424
940.04128
940.12539
940.61021
940.77005
940.14839
940.39741
940.15832
942.89338
939.63349
939.69329
940.31661
940.14643
939.64945
941.48621
939.68166
939.74119
941.05657
940.15515
939.85944
941.25582
940.26547
939.57722
939.9943
941.75178
943.42606
939.76579
940.02204
940.15079
939.75018
939.64507
939.62405
940.20977
940.77283
940.66284
939.84521
939.84914
940.39253
939.82749
940.19875
941.48206
939.93983
939.79284
939.98439
939.92151
940.89675
940.44826
939.77723
939.91297
940.27126
940.93884
939.96785
941.18512
939.6977
942.20006
940.18995
942.87048
940.41144
939.73302
939.73952
940.1977
939.57988
939.85128
939.9281
939.68371
939.78
940.17024
939.58445
940.32199
940.8245
940.93765
940.49446
940.45515
941.02048
940.22041
939.87292
940.47739
940.11768
940.95132
939.7238
939.71918
940.74626
939.85947
939.68568
940.08945
941.17348
940.15202
940.15362
940.12854
942.12571
939.64456
941.3062
939.68586
941.91629
939.80756
939.91109
939.92788
941.42677
939.78824
939.92626
939.79495
940.89469
939.62023
939.95196
940.527
940.69456
941.24251
940.71754
943.45172
940.47621
940.23082
940.19531
940.57875
940.50898
940.64538
939.86082
942.41629
941.23645
939.67685
939.80839
941.10847
939.98775
939.69054
940.26675
939.9541
940.16502
941.46247
939.9158
940.79275
940.14535
940.52666
939.97843
939.56921
939.734
939.70331
940.20902
939.72181
939.92841
939.77117
939.89411
939.77994
939.72054
939.93849
942.25931
939.80004
940.03294
940.14259
939.71889
939.8026
941.5541
940.02195
940.33238
940.87739
940.18414
939.89499
939.62185
939.75589
939.73165
939.79757
940.08154
939.94788
942.07451
940.2964
941.41967
939.98104
939.62868
939.65868
941.65439
940.55943
939.8266
939.75778
939.68193
939.73369
940.44237
939.75763
942.05546
939.57824
939.6037
940.25
939.63451
940.09529
940.28389
946.28447
940.11434
945.41184
945.75339
940.20817
942.81049
939.66026
941.52272
940.11041
941.23877
940.46647
940.37462
941.51121
939.72422
941.33766
939.57601
939.90967
945.25025
941.70381
939.66248
939.62167
942.83365
940.86928
939.87335
942.20158
940.72251
940.18986
939.65012
939.98284
941.39417
939.69433
940.84898
940.07751
940.96279
940.23473
940.03736
939.92691
940.29229
939.67377
941.40734
939.74349
940.06513
941.72563
939.64683
940.36293
940.51714
939.81706
940.15382
939.98614
939.81386
941.71533
940.26494
940.58193
939.6315
940.08937
940.15059
939.71875
940.33881
944.66465
939.57766
939.85581
939.76811
940.22191
939.89728
941.22315
939.80123
939.58991
940.12169
942.86524
941.49627
939.62485
940.34231
939.71132
940.61896
940.31942
940.83588
939.72658
939.84664
942.72895
940.20995
940.18054
939.68351
940.09461
940.14665
941.38382
940.87259
940.26587
939.61758
940.54215
940.32685
939.95161
941.78573
940.68456
940.42758
939.8068
940.19853
940.5347
941.39998
941.86074
939.66531
940.84242
939.71139
941.6999
941.85113
940.57285
939.78383
939.73944
940.26883
940.51471
944.59186
939.60447
939.74039
940.96186
939.72884
940.88533
942.12953
940.54445
940.00265
939.84432
940.64163
940.04964
940.5917
939.96736
941.44451
940.57498
939.83283
940.30654
940.54405
940.18858
940.14134
940.14521
940.28781
941.14186
940.42753
940.37581
939.94338
939.87924
941.30361
940.05689
940.30351
940.03945
941.06189
939.73313
943.12209
939.92402
943.4351
943.8377
940.18908
939.69869
939.74555
940.71241
939.90591
940.42268
940.66958
940.60068
939.68143
942.72977
940.4696
939.96218
940.72258
939.79351
939.7985
940.2436
939.88144
940.1497
940.79957
939.64571
941.85056
940.68393
941.00275
940.84522
941.35386
940.45174
939.89429
941.03526
940.49002
940.32895
939.7596
941.94236
939.85584
944.18693
940.16167
939.82078
941.49514
940.49898
940.21264
939.63798
939.66878
940.62643
939.93303
939.63698
940.00842
940.08926
941.94931
940.74063
939.91711
940.04783
940.75377
940.4208
940.19986
940.42126
939.8044
939.81037
939.7453
939.82549
939.81252
941.26343
940.07778
944.10634
939.81256
939.65703
942.15725
940.42666
941.17929
940.85022
939.89326
942.10445
940.4507
941.13691
941.63407
940.43218
940.0077
940.22784
942.34156
940.12965
939.74975
939.76119
940.89691
939.97119
941.00729
939.97066
941.4234
939.64811
939.80152
939.66448
939.79416
940.95724
940.16144
940.03111
939.74779
941.77776
941.51694
942.96613
940.17606
940.08015
939.83942
940.96863
941.23067
940.12377
941.3365
940.38218
939.66641
940.57284
939.61805
940.62281
942.11741
942.25139
939.69157
940.91633
940.75253
939.83589
940.3942
939.64432
942.12461
942.06326
940.5098
940.38061
939.72933
940.88485
940.3742
940.42483
939.69054
939.69137
940.22321
939.96484
943.02399
941.42181
940.23343
939.9968
939.79298
940.42348
941.47298
939.60603
940.42935
939.91467
941.25773
940.52006
939.61471
940.75888
939.78939
939.68828
940.075
940.06349
941.74777
940.44374
939.86567
940.69978
940.35393
940.45778
941.91011
944.04034
939.67525
939.68301
941.82935
941.43369
940.78516
940.21557
942.56962
939.63057
939.92984
940.03042
939.89971
939.63404
939.67558
940.06436
940.63738
939.79953
940.02649
939.61549
939.85681
940.95571
939.87699
944.33812
939.63925
939.62474
941.6381
939.60231
940.05342
941.0999
940.1993
939.59508
941.37922
940.5623
943.76918
940.3606
940.49266
940.27259
941.17819
940.25591
939.90205
939.92999
940.09696
939.59439
942.41871
939.62395
940.33466
940.31373
942.56402
940.2495
941.35616
940.809
939.9459
946.85968
939.62096
940.07528
941.4955
940.04321
942.10144
940.14945
940.09008
939.60512
942.3474
940.23828
939.63934
941.19523
941.53706
941.10848
939.63134
939.71145
939.63319
947.24981
939.98029
940.14328
940.79698
939.61184
940.73296
939.79829
939.99271
940.33132
940.52254
939.68393
939.694
942.49978
939.92891
940.61824
939.83232
941.28085
940.10696
940.30851
939.7647
939.58276
940.66641
940.62264
939.75231
940.05308
939.63777
942.22296
939.62106
941.13129
946.26127
940.41174
939.57992
939.95502
939.97009
940.52897
939.75582
940.28275
941.83763
940.67354
939.87507
939.70441
941.12363
940.83169
943.17256
939.93316
939.8418
939.77817
939.82538
939.60736
939.76468
939.58147
940.11153
939.61146
940.28311
943.98236
940.79473
939.91668
940.1234
940.76287
940.08193
939.6779
940.18212
939.58267
940.12453
940.12707
939.65703
940.26276
940.90209
939.69413
940.52635
939.95684
939.57539
941.83306
940.16916
942.03818
940.26993
940.25612
940.91309
940.09301
939.72529
940.08146
939.77484
939.97714
939.66345
940.91099
941.89411
943.40859
940.56547
940.41071
944.0062
939.86344
939.58237
939.83402
940.39925
940.32811
939.86556
942.80957
939.81118
940.47226
941.2439
940.65976
939.60221
939.76582
941.14524
940.14738
940.0049
940.69533
940.71997
939.74767
939.85865
941.60628
939.58546
940.33138
940.04204
939.63664
939.58237
942.22119
940.0689
943.63724
942.30508
940.08211
940.68017
940.39838
940.30834
942.66093
940.23087
940.97844
942.15139
941.38011
939.78312
939.6092
940.38557
941.2784
939.67673
940.05818
939.75754
939.8876
941.31384
939.80006
939.72042
939.92527
940.6871
940.70973
939.66938
940.07978
941.87096
941.90495
939.65246
940.17731
940.78149
940.25573
939.61088
940.12145
940.70926
940.37178
939.88862
945.04161
941.03832
942.41258
939.78063
940.09742
939.67935
940.82333
940.58789
939.97538
940.51235
941.58444
939.96231
941.07874
940.3355
940.38435
939.59296
940.16488
942.41206
940.4064
940.3012
939.64966
940.50338
941.91624
939.97857
940.0345
939.86121
941.05203
939.7241
940.3868
939.84117
939.57929
940.70529
940.33732
939.72541
940.83666
939.93135
939.6032
939.65093
940.36711
940.19336
940.19641
940.20374
939.94792
939.59057
940.91093
939.70049
940.39112
940.01234
940.95608
941.31817
939.83694
940.55338
939.76205
939.6791
940.73269
942.22045
939.8281
941.44753
939.75744
940.44934
939.76301
939.9038
939.99672
940.78996
942.44568
940.07245
943.59299
943.36875
943.85421
941.23081
939.81946
940.45704
939.83619
940.95987
940.49381
941.81037
940.35229
940.54055
939.79344
940.8381
942.30259
940.29594
939.72231
940.24968
941.26176
939.76035
939.60649
941.9767
939.85258
942.0619
940.21909
941.17701
940.14883
940.40826
939.79372
939.92287
942.19329
940.70129
940.90221
940.73861
940.04339
946.2703
939.85398
943.47452
940.22802
939.77095
939.88153
940.43047
942.38567
940.11443
939.6747
940.22925
940.31488
939.66263
941.59642
939.76862
939.62268
939.97085
942.41628
940.06238
939.6523
940.755
939.73114
940.44421
939.63976
939.86372
941.37236
939.894
940.0462
940.21908
940.5969
939.60965
939.5681
941.18655
939.67599
940.0132
940.8079
940.014
939.84123
940.07276
942.9924
939.87138
941.15374
940.1053
939.82222
941.12901
939.69143
940.14398
941.41074
941.48989
941.02616
939.63048
940.00353
939.59905
942.06759
942.70111
940.57719
941.01258
941.59182
940.85068
943.82848
939.71275
940.61197
940.00174
941.39038
939.62099
940.17351
939.65061
940.19356
940.03221
941.80622
943.16504
940.47487
940.70589
940.01166
940.42676
942.54234
939.89464
939.71455
942.20978
940.10758
939.79397
940.13866
940.60811
941.75981
940.61218
941.68958
940.10344
939.58719
940.03453
941.11947
939.9885
942.65314
939.82082
939.90402
941.0622
940.24023
939.59445
941.63684
941.10738
940.46758
939.6136
940.20376
940.53159
939.87421
940.49235
940.33489
939.71734
940.47806
939.60252
940.22663
940.21633
941.94459
939.75838
939.73271
940.26941
941.00942
940.94796
940.9354
940.20847
939.72765
940.57408
939.84771
939.76184
940.40629
941.06594
941.583
939.93385
939.92688
939.89648
939.66144
939.83614
942.57508
939.63152
939.64797
940.51299
943.89399
940.11535
943.98504
939.73139
940.3948
939.62728
939.88604
939.57123
940.87953
939.61505
940.01994
945.26906
939.81598
944.17898
940.21232
939.99788
940.95752
939.89953
939.63112
939.95988
940.01265
940.16716
940.2176
939.69139
939.78806
939.85943
939.60483
940.86486
939.78158
940.00572
940.15533
939.65887
941.54981
939.64601
939.68149
940.04258
939.59249
940.18126
942.63687
941.33103
940.80362
940.35496
939.83433
940.76982
941.73574
939.96342
939.71853
942.1521
940.11321
942.46214
940.06605
940.08761
939.86304
940.05196
947.38805
940.65801
939.59204
939.81976
940.89278
939.66721
940.56621
941.14148
939.69004
940.09608
940.65537
940.06968
939.87038
940.55115
940.72937
940.12913
941.31868
941.5176
939.57151
941.26801
939.59667
940.43483
940.73986
939.8207
939.92422
939.58116
940.83555
941.94202
939.75904
940.28296
940.30678
941.14621
941.23776
941.98447
940.21473
940.93556
939.79257
939.99114
940.5995
942.42058
940.24239
940.76727
940.39307
942.61376
939.90746
940.38323
939.61255
939.91181
940.80569
939.97792
941.09721
940.0887
939.98666
941.93821
939.62441
939.73736
939.73628
940.12487
940.45251
939.88678
939.65169
940.65329
939.61381
939.99725
939.65669
940.49385
940.02803
939.96512
940.46782
940.71681
941.15615
939.70618
940.65164
940.49172
941.6201
940.23499
940.19704
939.64999
940.34506
939.85439
940.56979
939.65238
939.88965
939.58063
940.82318
939.82187
940.04804
940.22712
940.24586
939.85465
939.62128
939.81423
946.37332
939.90368
939.85323
939.93998
942.75393
940.72432
939.80186
939.67355
940.44953
940.41601
940.38444
940.24493
939.77909
939.59019
940.1613
942.274
939.9008
939.80967
940.80187
940.19454
940.4804
939.59735
939.75475
939.72074
939.94929
942.40587
941.45557
940.44028
941.03402
939.87072
939.63547
939.90321
939.72116
939.57398
939.60482
940.06019
940.80578
939.6418
940.22104
939.7529
939.64462
941.76856
939.74425
939.95796
941.63611
939.57568
940.4281
940.21937
940.32885
940.08198
940.04006
940.12556
939.80384
939.82856
940.53438
939.66423
940.24031
940.30313
940.05044
939.68864
939.8909
940.37527
942.359
940.20002
939.64273
941.65783
940.42824
941.13303
939.75183
943.52902
941.4899
939.85413
939.74124
939.74762
940.24457
940.54878
941.33157
939.72374
940.25755
941.63752
940.70574
940.34753
940.017
939.7383
939.72427
939.81593
941.85197
939.94295
939.69599
939.62877
940.05301
940.27695
939.96562
939.88298
941.78128
940.31777
939.74069
940.36371
940.21516
940.19084
939.5706
939.70691
941.3318
939.74558
940.21049
939.86642
939.72635
942.63019
939.76694
940.77014
940.0235
939.84918
940.55177
939.87171
940.07297
940.58585
940.12331
939.78605
943.14406
940.25815
941.63323
939.92542
939.57119
940.16707
940.11975
939.6639
939.64561
940.17927
939.93603
940.1374
940.03461
940.08029
941.52278
939.8682
939.82266
939.71978
939.59386
941.11391
940.34491
939.86666
942.73811
939.56803
940.40735
939.88061
939.97938
939.95589
941.2529
940.35229
940.32453
939.95369
939.59753
941.2958
939.90093
940.11273
940.89798
940.75848
940.72607
939.66007
939.83071
939.8258
942.10439
940.64905
941.7487
940.07017
941.1153
939.7077
945.22487
939.59223
939.66035
939.65464
939.75019
940.51643
939.76978
944.4189
940.44975
939.79258
939.59649
939.95948
939.64604
941.85217
939.60111
939.97735
939.57384
939.62051
940.13672
940.36546
939.63091
939.70558
940.50371
939.63914
940.11408
939.8464
939.79133
941.1798
939.96763
940.63386
939.75487
939.60551
939.60078
939.5746
939.88259
939.85627
940.0832
939.76894
939.71052
939.73811
941.08713
940.46656
939.66218
939.92719
939.57807
939.94185
940.41256
939.73741
940.62958
939.77104
939.72774
941.04901
939.64356
940.19011
940.73256
939.61133
939.98189
940.50534
940.02775
940.39631
940.76308
939.65824
939.7435
940.60438
940.81624
939.70872
940.66383
939.74736
939.70689
940.49496
940.01619
939.62203
940.19105
939.67014
939.76162
939.94459
939.99588
940.7323
939.95379
939.71259
941.66311
940.37337
940.31924
940.55135
939.71892
939.66893
939.58758
939.69437
940.6089
939.76908
940.03979
941.47582
939.56964
939.68995
940.76755
939.87185
941.52237
939.78893
940.06716
939.98741
939.8647
939.85834
939.59303
940.88835
940.21512
939.62598
940.76787
940.82941
940.98189
939.80427
939.62718
939.63536
939.68946
939.99492
939.78538
939.89185
939.74873
940.25438
940.41887
940.07319
939.58091
940.01266
939.64306
939.81807
940.36513
940.17542
941.03576
939.5669
939.89849
939.66952
939.9992
941.25247
940.65845
940.37113
939.74574
939.77404
939.72223
939.62123
940.12838
939.62399
939.80024
939.63375
940.24186
939.67913
940.28179
939.66784
939.85541
939.60794
940.05103
940.99105
940.09923
939.98466
939.96815
940.37522
939.85374
939.94512
939.63402
939.69369
939.85283
940.0232
939.65845
939.64689
939.69535
940.06791
939.57214
940.59615
939.82564
942.92714
940.06494
940.32952
939.69252
940.10927
939.57183
940.54156
939.72935
939.62916
939.5839
939.96847
939.90469
940.02563
939.67046
939.6355
940.16997
940.72469
939.87581
939.76648
939.7212
939.85752
939.92991
939.58507
939.84835
939.9154
939.80242
940.00897
940.17783
940.21575
939.64427
939.78222
940.01427
939.7861
940.42043
939.94743
939.6306
939.79772
939.67587
940.31225
939.56896
939.64446
939.68749
939.6321
939.78598
939.77596
939.92104
940.48509
940.07643
940.21332
941.00846
939.79909
939.86804
940.41901
939.92465
939.99383
941.6564
939.57684
939.75089
940.07607
939.6272
939.72063
939.75085
939.73171
940.06611
940.8379
939.83572
939.74289
939.69981
939.74391
939.577
939.58832
941.27095
939.82773
939.74295
939.80563
939.78649
940.11874
939.93737
940.0784
939.82966
939.75583
939.73253
939.69623
940.70245
939.59877
939.58351
939.65286
940.71283
939.66148
939.75607
939.78874
939.73337
939.74814
939.92225
939.74088
939.87956
939.6562
940.4226
939.74681
939.6041
940.79244
940.18243
939.58997
940.11182
939.6795
939.77599
940.03299
939.77484
939.95902
939.75724
939.93209
939.87771
939.66381
939.91335
939.71031
940.01148
940.08765
939.67986
940.02252
939.66751
939.77758
940.51433
939.60471
939.65315
940.43738
939.68301
939.83943
939.87836
940.87465
939.62486
939.58426
939.94289
940.11115
939.78554
940.03028
940.11995
939.80344
939.7251
939.67557
940.10815
939.98181
941.0872
940.23835
940.46882
941.44557
939.69141
939.97276
940.59328
939.66151
940.14734
940.0016
939.82694
939.70223
940.27522
939.67622
939.61624
939.62921
939.82116
940.20739
940.21883
939.5747
939.66477
939.66125
939.68873
939.62578
940.01954
939.67831
939.60752
941.46803
939.84005
939.57172
939.72124
939.60449
940.60775
939.84722
940.11301
939.89118
939.71836
939.67004
939.71912
939.75597
939.58669
939.97193
939.63144
939.81268
