0.79413
0.55145
-0.65559
0.47502
0.29672
-0.31386
-0.01501
-0.22349
-0.35399
-0.09111
0.27582
-0.27476
-0.04081
0.62855
0.50302
-0.2199
-0.15868
0.13759
-0.38817
0.79819
-0.52668
0.59514
0.5817
-0.78903
-0.3353
-0.88206
-0.30924
-0.01732
-0.8786
0.19254
0.10299
0.53969
0.82117
-0.41074
-0.35127
0.63769
-0.49606
0.04527
-0.72501
0.20251
0.14485
0.46449
0.40992
0.59141
-0.12169
0.37961
-0.5529
0.38741
0.70679
0.43356
0.44576
-0.02092
-0.37373
-0.67836
-0.7647
0.84465
-0.31395
-0.1046
0.92689
-0.51981
0.29887
-0.22088
0.18942
-0.15769
-0.11096
0.77261
0.44664
0.40732
-0.46064
0.37673
0.54579
-0.54677
-0.92824
0.2942
-0.5182
-0.09621
-0.08451
0.36388
-0.43436
0.40208
-0.49144
0.25328
-0.5006
-0.22806
0.09888
0.56215
-0.51586
-0.91433
0.08361
0.48862
0.04472
0.33859
0.54886
-0.30225
-0.65582
0.28543
-0.59917
-0.5997
-0.24407
0.26138
-0.08723
0.76961
0.07568
0.71568
-0.64301
-0.07777
-0.03632
-0.09473
-0.44474
-0.11513
-0.64733
-0.75371
-0.09396
0.6189
0.34374
-0.16677
0.45174
0.4862
-0.22486
0.22972
-0.36261
0.38349
-0.07388
-0.07916
-0.08703
-0.28673
0.35186
0.33806
-0.50927
-0.47828
-0.06142
-0.08395
-0.84979
0.39498
0.03454
0.53015
-0.13127
0.18575
0.40491
0.31981
-0.70925
0.48793
-0.83165
-0.10783
-0.60042
-0.08242
-0.69815
0.68074
0.46264
0.20451
-0.43967
-0.08457
-0.42108
0.45748
0.16079
-0.11416
-0.0002
-0.07734
-0.59746
-0.01991
-0.78542
-0.54392
0.7409
0.02215
-0.82175
-0.93311
-0.93192
0.66871
0.09947
0.21505
0.64619
0.28002
0.20894
-0.86199
-0.27225
-0.29003
0.05366
0.04778
-0.43452
0.83363
-0.33872
0.37608
-0.11325
-0.21459
-0.36528
-0.29748
-0.48257
0.73744
-0.80709
0.49871
0.07704
0.8151
0.53524
-0.56281
0.06235
0.1982
0.38938
0.51083
-0.27355
0.7739
0.85795
0.40914
-0.12912
-0.49542
-0.42619
0.53338
0.74792
-0.71612
0.73214
-0.40916
0.3596
-0.58703
0.60267
0.24213
0.65303
0.36764
-0.08348
-0.01956
-0.56799
-0.78527
-0.54142
0.60119
-0.70971
-0.49882
0.24452
0.08723
0.42781
0.57729
-0.5264
0.50508
-0.47623
0.86421
0.4241
0.11681
-0.7674
-0.29594
-0.25716
-0.63766
0.71781
0.49719
0.80831
0.7823
0.73006
0.62067
-0.76765
0.21083
-0.33247
0.21143
-0.094
-0.06572
0.43468
-0.19146
-0.24046
-0.28791
-0.18341
-0.06368
-0.02137
0.42246
-0.56578
0.42299
-0.47309
0.32533
0.78031
-0.22702
-0.03831
0.56957
-0.19303
0.47058
0.86381
0.6348
-0.18786
0.29551
0.37394
-0.67422
0.0677
-0.2437
0.45268
-0.11416
-0.03487
-0.03412
0.67618
0.02299
0.40957
-0.48559
-0.30459
0.59594
-0.63448
0.29899
-0.41373
-0.02587
0.53713
0.06569
0.73038
0.39995
0.50474
-0.32671
-0.24419
0.34517
0.60997
-0.51314
0.44405
0.29863
0.70275
-0.13726
-0.66179
-0.85289
-0.41191
-0.05974
0.37389
-0.06439
-0.37758
-0.23749
-0.29344
0.04627
-0.41935
0.81416
0.08388
-0.18005
-0.81114
0.64232
0.00347
0.09162
-0.58648
0.29313
0.09309
0.1552
-0.03892
-0.32967
0.40217
-0.0693
-0.14355
-0.36776
0.17114
0.84067
0.39791
0.00912
0.05068
0.34927
0.84893
0.75833
-0.91194
-0.45018
-0.03985
0.06246
-0.23045
-0.18258
0.01552
0.81041
-0.24418
0.73695
0.00047
0.56181
0.68289
0.31937
-0.3054
-0.11756
0.26256
-0.66754
-0.54912
-0.48463
-0.07796
-0.21417
-0.04537
0.39665
0.65887
0.56943
-0.77415
-0.72519
0.00615
-0.50189
-0.51041
-0.46905
0.04575
-0.77352
-0.27425
-0.01722
-0.30415
-0.52584
0.00852
0.6695
0.80227
-0.05071
-0.30545
-0.95923
0.42609
0.50273
-0.51108
-0.55013
0.62436
0.01349
0.75347
-0.05631
-0.80723
-0.73346
-0.60133
0.06387
0.05161
-0.31182
-0.41774
0.56402
0.8227
-0.39542
-0.56724
-0.51508
-0.21797
-0.15973
-0.48684
0.33595
0.47876
0.44965
-0.72599
-0.53766
-0.16988
-0.1986
-0.90057
0.34251
-0.87217
-0.19156
0.37677
-0.15828
-0.47295
-0.36464
-0.65269
-0.58165
-0.1869
-0.01629
-0.81603
0.14829
0.25416
0.2041
0.33791
-0.33544
-0.30508
-0.49185
0.28682
-0.52623
-0.14951
0.02826
-0.02017
-0.04714
0.76323
0.68643
-0.42415
-0.84908
-0.31967
-0.72922
0.2597
0.21908
0.47424
0.05385
0.67071
-0.16443
-0.50983
-0.00631
-0.6051
-0.13318
-0.0665
-0.53049
-0.39421
-0.77752
-0.9453
0.85132
0.844
0.04148
0.57012
0.32349
0.33437
-0.21547
-0.771
0.21221
-0.827
-0.67456
-0.9025
0.52788
-0.62759
-0.19951
0.38939
0.6437
0.00522
-0.10191
-0.50835
-0.12803
-0.82068
-0.73754
0.50225
-0.01474
-0.54448
0.14249
0.75478
-0.11963
0.28432
0.1922
0.53347
0.53236
-0.60254
-0.26255
0.57909
0.52558
-0.65843
0.83751
0.39265
-0.48335
-0.16837
0.4021
0.16086
0.33337
-0.59093
0.34854
0.02675
0.82842
0.44133
0.20633
0.3231
-0.16128
-0.19817
-0.3713
-0.53757
-0.27123
-0.47527
0.2215
-0.0263
0.29914
0.59821
-0.75743
0.22983
0.63046
-0.54293
0.83416
-0.22805
0.06032
0.76308
0.19633
0.12723
0.81624
-0.40085
0.66977
-0.03163
-0.21387
-0.41984
-0.43338
-0.05209
-0.50097
0.78674
0.65896
0.42266
-0.08743
-0.42182
0.30034
-0.52103
0.62054
0.26893
0.09375
0.33309
0.44309
0.32538
0.25594
0.89049
-0.79951
0.51363
0.52662
-0.00717
-0.29825
0.79431
0.31605
0.32434
0.55262
-0.32309
0.55546
-0.36244
0.47256
0.15838
-0.18487
0.28484
0.74037
0.40012
0.62705
-0.1869
0.61545
0.26444
-0.59864
0.83611
0.30742
0.2973
-0.19038
-0.63677
-0.036
-0.33986
0.20719
-0.24503
0.14396
0.02116
0.83123
0.2274
0.24034
0.02882
0.44764
0.72357
-0.27707
0.586
0.71917
-0.0664
-0.17359
-0.27259
0.63085
-0.3785
-0.74725
-0.35849
-0.3875
0.12434
0.27463
0.02576
-0.15907
-0.11942
-0.53258
-0.19384
0.02896
0.61369
-0.25294
-0.5689
0.76327
-0.50411
-0.24698
0.26297
-0.57097
-0.04456
0.34447
0.1273
0.40358
-0.80651
0.06274
-0.7451
-0.40011
-0.16932
-0.52893
-0.74664
0.11404
0.18606
-0.3607
-0.87813
-0.49597
0.41142
0.29439
0.81145
0.62048
0.26493
-0.21554
-0.68978
-0.64564
-0.15731
0.28716
-0.11429
-0.10961
-0.63272
-0.14037
-0.19583
0.2641
-0.11461
0.63588
0.07713
0.58777
0.30673
-0.44473
-0.57569
0.57041
0.52927
-0.1396
-0.12599
0.45301
0.44967
0.42094
0.49822
-0.10413
-0.54161
0.72275
0.00137
-0.81624
-0.57201
0.34306
-0.586
0.19921
0.8005
0.39262
0.28627
-0.70115
0.75963
0.28264
-0.02722
-0.27637
0.30488
-0.08967
0.62295
0.32373
-0.00432
0.03873
0.46499
0.24882
-0.10782
-0.40387
0.46561
-0.34793
-0.2212
0.47844
-0.69221
0.01937
0.44502
-0.71554
0.60313
0.63494
-0.23611
0.68601
0.19252
0.2138
-0.27312
0.47611
-0.62428
-0.5814
-0.32592
0.76302
-0.05012
-0.44212
-0.44787
0.58772
0.34681
0.22732
0.19857
0.66608
-0.78183
0.73536
0.06776
0.58794
-0.29824
0.86271
-0.53801
-0.73573
-0.38097
0.33086
-0.15295
-0.03532
-0.71591
0.52433
0.70298
-0.6712
0.15184
-0.29401
-0.49888
0.55519
0.71898
-0.07034
-0.29765
0.59885
-0.66207
0.20182
-0.33523
-0.09058
-0.04257
0.55919
-0.59631
-0.41094
0.03374
0.47213
0.06549
0.5667
0.3853
0.12622
-0.22491
0.14773
-0.2186
-0.35598
-0.15944
0.12977
0.42954
0.0571
0.1618
0.16518
-0.61514
0.64167
-0.56107
-0.32162
-0.162
0.28631
0.35996
-0.56826
0.14979
-0.1734
0.77037
-0.5845
-0.67075
-0.44022
0.14087
-0.33287
-0.14049
0.02616
-0.4566
-0.13978
-0.53621
0.34011
0.7109
-0.81851
0.00684
-0.15915
0.66995
0.65509
0.15425
0.4341
-0.18175
-0.47739
0.85017
0.33696
-0.40243
-0.72077
0.19837
0.22093
0.45714
-0.48832
-0.28986
0.31584
-0.88082
0.18369
0.44164
-0.48652
0.15817
0.20539
-0.48051
-0.68661
-0.69365
0.0654
-0.29056
-0.12548
0.03823
0.05534
0.03085
-0.64868
0.24487
-0.6362
0.45847
0.08129
0.05791
-0.23373
0.05382
0.71172
0.63125
0.39754
-0.66755
-0.12079
0.68103
0.59865
0.63469
0.01262
-0.05807
-0.52274
0.05228
0.22008
0.04858
0.29128
-0.61046
-0.26087
0.74178
-0.50132
-0.07795
0.66514
-0.7637
-0.23792
-0.20449
-0.0427
0.49971
-0.02986
-0.42526
0.85216
0.07831
0.03142
0.42057
0.8004
0.07017
0.17717
0.59467
-0.13913
-0.24825
-0.31295
-0.31932
-0.20789
0.62147
0.81063
-0.71935
0.09824
0.5038
-0.56523
0.62426
0.84957
0.85831
0.29391
-0.51811
0.29096
-0.26034
-0.47987
-0.0289
0.42173
-0.01482
-0.54455
-0.06246
-0.67099
0.64952
-0.87313
0.88547
0.25646
-0.60775
0.14724
-0.66314
0.89212
-0.13496
-0.56054
-0.39948
0.84981
-0.31292
-0.50313
-0.48415
0.54658
0.48757
-0.01288
0.12171
-0.2789
-0.11284
-0.01491
-0.63046
-0.5248
0.39372
-0.25984
-0.22635
0.12399
0.20469
0.73237
-0.34719
0.17745
0.41484
0.76892
0.29426
-0.13882
0.13913
-0.74698
0.15022
0.89677
-0.14232
0.29441
-0.35692
0.13631
0.87974
0.61826
0.19526
-0.00161
0.12852
0.55121
0.82419
-0.85107
-0.63734
-0.94483
0.23901
-0.19885
0.58131
-0.3582
-0.21374
0.30321
-0.31325
-0.36733
0.35398
0.61139
-0.22681
-0.89858
-0.32107
-0.30943
-0.18092
0.74428
0.81954
-0.52599
0.52216
-0.34808
0.12883
0.11555
0.63485
-0.61706
-0.47144
0.26339
-0.77775
0.25659
0.49302
0.2746
0.52342
0.6842
0.53035
0.25376
0.35986
-0.82141
-0.05984
-0.18391
-0.53513
0.3422
-0.25791
0.18142
0.37936
-0.79706
0.57346
-0.28609
-0.26703
0.05865
0.16651
0.05367
-0.64192
-0.29451
-0.56328
0.25726
0.58134
0.1485
0.46192
0.41749
-0.38308
-0.03605
0.14223
-0.7568
-0.6685
-0.19678
0.82214
-0.49267
-0.28143
-0.47376
-0.03081
-0.15708
-0.6139
-0.81299
-0.33517
-0.22636
0.41916
0.45773
0.86245
0.78672
-0.27433
-0.70645
0.89741
-0.52214
-0.49777
0.22902
0.26818
0.83259
0.29572
-0.17731
0.53931
0.18687
-0.43747
-0.21163
-0.95003
0.56025
0.3035
0.04957
0.8349
-0.16914
-0.00981
-0.28065
0.47816
-0.08271
0.58521
0.80678
0.61561
0.34707
0.17845
0.4004
0.51063
-0.21301
-0.00153
-0.46666
0.14155
-0.78866
-0.03892
-0.91087
-0.18991
-0.79862
0.35998
0.36766
-0.75042
-0.43845
0.31066
0.03165
-0.32174
0.86819
-0.46429
0.64044
-0.8989
0.18358
0.8527
-0.23003
0.54196
-0.262
-0.5938
-0.0747
-0.03501
-0.09817
0.57115
0.45122
-0.14711
-0.44818
-0.58862
0.35731
-0.62341
-0.65156
-0.03179
0.75668
0.38951
-0.48811
-0.10292
0.01571
-0.3613
0.03702
0.17441
-0.06802
-0.66731
-0.63994
-0.3462
0.47399
0.13375
0.0182
0.59994
-0.31099
-0.00332
0.11403
0.36992
0.01094
0.12443
-0.37985
0.14504
0.66555
-0.32553
0.31079
-0.54139
0.54971
-0.03664
0.34535
-0.48439
-0.57549
-0.46523
0.43632
0.33974
-0.15509
0.59705
0.9384
0.49285
-0.59955
0.18933
-0.58331
-0.12469
-0.09814
-0.34909
-0.04462
0.16562
0.01249
0.6
0.2713
-0.38463
0.52735
-0.6758
-0.14774
-0.37765
-0.5639
-0.54921
-0.17405
-0.09836
-0.86265
-0.59749
-0.15175
0.86386
-0.23969
0.31721
0.7523
-0.87381
0.20645
-0.11402
-0.44428
-0.65358
0.87751
0.60073
-0.30965
-0.1318
0.06445
0.15124
-0.73766
-0.17699
0.94916
0.62113
-0.61615
0.15442
-0.52917
-0.05679
0.684
-0.25857
-0.43491
-0.26382
-0.29052
0.61977
-0.78423
0.66941
0.60263
0.19603
0.23779
0.37967
0.12353
-0.77631
-0.13043
-0.27637
-0.40119
0.51267
-0.76054
0.40541
0.751
-0.86857
0.75377
-0.15893
-0.30579
-0.89658
-0.75574
-0.52819
0.33111
-0.33949
-0.52334
-0.79688
0.15673
-0.35776
-0.49085
0.40451
-0.32925
0.05125
-0.85673
0.1203
0.82144
0.69213
-0.38203
-0.14298
0.87961
0.73559
-0.47367
-0.74028
0.22761
0.17667
-0.09622
-0.4133
0.29384
0.00263
-0.67334
0.05383
-0.24567
0.55986
-0.70453
-0.04581
-0.06025
-0.41534
0.05924
-0.15662
-0.39521
-0.82234
0.37367
0.11234
0.54924
0.34321
0.51884
0.69681
0.02486
0.35363
0.86627
0.72825
-0.2699
-0.38794
-0.06222
0.29071
-0.58073
0.74449
-0.18928
0.17017
-0.58339
0.39374
-0.74357
-0.05012
-0.02045
-0.10662
-0.42029
-0.35516
-0.52753
0.03729
0.29402
0.1467
-0.80083
0.54566
0.64124
0.83215
0.4842
-0.8199
0.02656
-0.01547
0.47241
0.25031
-0.22058
-0.58975
0.57366
-0.82493
-0.10858
-0.24627
-0.79741
-0.07933
0.80501
-0.30251
-0.68473
-0.60161
-0.33611
0.79197
0.44869
-0.58835
-0.54997
-0.78762
0.67264
-0.6299
0.88729
-0.61504
0.05335
-0.81871
0.38503
-0.23645
-0.87791
0.45307
-0.4485
0.11078
-0.0487
-0.02797
-0.36738
0.42386
-0.74094
0.84742
0.84612
0.43359
-0.70801
-0.7185
0.24698
-0.21029
-0.38767
-0.62496
0.0562
0.26722
0.08433
0.0684
0.17707
-0.81996
-0.52615
0.73437
0.22764
0.06854
0.61085
0.08044
-0.02597
0.3149
0.27447
-0.63512
0.66407
-0.75434
0.4415
-0.65797
-0.48327
-0.07561
0.33261
0.62741
-0.27185
-0.81046
-0.09521
-0.03381
-0.17704
-0.80925
0.86039
0.42296
0.1916
0.7542
-0.63379
0.53449
-0.27319
-0.04226
-0.43039
-0.84389
-0.03903
-0.05289
-0.62098
0.75247
-0.31475
-0.26889
-0.10525
-0.24283
0.29094
-0.19041
-0.64334
0.1108
-0.10917
0.28047
0.60203
0.02713
-0.40452
-0.18214
0.88416
-0.68856
0.50574
-0.36736
0.81094
0.59645
0.71069
0.43564
0.45084
0.16357
0.1027
-0.36974
-0.47229
-0.69293
0.45487
0.53487
0.39317
0.31984
-0.76792
0.65696
0.62838
-0.20892
0.13828
-0.30728
-0.6497
0.84788
-0.018
-0.22352
-0.71648
0.00861
-0.35913
0.31377
0.53504
-0.48637
0.4036
0.28813
-0.29108
-0.27845
-0.46512
-0.34188
0.40749
0.19351
0.1049
0.43046
-0.00148
-0.2438
0.89898
0.09119
-0.70999
-0.16914
-0.16203
0.11613
0.36608
0.04103
0.10407
0.34136
-0.41437
-0.48547
0.92131
0.75335
0.41459
0.56729
0.88912
-0.7037
0.12626
0.05629
0.46549
0.31611
0.26901
0.29647
-0.48533
-0.83103
0.62801
0.27627
-0.42511
0.61032
0.70845
-0.12682
0.72507
0.2595
-0.36028
-0.44556
-0.07937
-0.54825
-0.16468
-0.67566
0.44907
0.07744
-0.60807
-0.2668
0.43763
-0.62641
0.40796
0.43426
0.10542
0.71068
-0.4354
0.4432
0.34389
-0.26555
-0.34482
-0.75963
-0.09559
0.58256
0.52569
-0.86662
-0.86542
0.05325
-0.19544
0.03014
0.75739
0.4867
0.62224
-0.47729
-0.50986
0.71189
0.15568
0.65169
-0.56873
0.383
-0.63514
-0.01117
0.49042
0.07315
0.57662
-0.85473
0.6815
-0.29074
-0.29292
-0.11748
-0.32499
0.15232
0.28298
-0.38729
-0.12214
0.1955
0.13137
-0.67445
0.26178
-0.62812
-0.23781
-0.43413
0.81811
-0.41377
0.75091
0.08135
-0.68152
0.87596
-0.36594
0.04623
-0.0832
-0.60162
-0.01772
-0.85987
-0.35895
0.84675
-0.31636
0.53947
0.27915
0.43828
0.27869
-0.16523
0.37777
-0.795
0.89157
0.16223
-0.05506
-0.26264
-0.62032
-0.43029
-0.81898
0.08405
-0.17625
0.00037
0.73327
-0.52613
-0.56476
-0.25333
-0.55843
-0.19544
0.37496
-0.9009
-0.04397
-0.56928
-0.19829
-0.10528
0.03216
0.69738
-0.161
-0.19076
-0.54625
0.51383
0.84753
0.58028
-0.07494
0.56689
0.68936
0.28357
0.27192
-0.49189
-0.30516
-0.33941
0.66067
-0.31009
-0.36932
-0.75775
0.61211
-0.09178
0.24773
-0.80507
0.54347
-0.71506
0.1584
-0.42721
-0.26128
0.38701
-0.90617
-0.35719
-0.55149
0.65295
0.24949
0.82825
-0.39472
-0.52313
-0.54789
0.04437
-0.1565
0.17849
0.4005
0.14898
0.2591
0.38687
-0.58296
0.58686
-0.60931
0.25952
-0.83061
-0.81893
-0.73321
0.23031
0.34998
0.06428
0.5372
0.32245
0.3388
-0.58647
0.35904
0.71277
0.13923
-0.2283
-0.30973
-0.1723
0.5416
-0.86286
0.11426
-0.05448
0.20381
-0.10539
0.93395
0.65222
0.24932
-0.30597
-0.37713
0.02036
-0.1938
0.01794
-0.29936
-0.52704
-0.20106
0.06181
-0.44563
-0.20449
0.47439
0.499
0.49023
0.0007
0.84244
-0.80243
-0.44675
-0.3647
0.00862
-0.44818
-0.33061
0.75716
-0.38993
0.87688
0.29836
0.38879
-0.26826
0.76107
-0.73803
0.48963
0.28932
-0.21889
-0.77676
-0.39951
0.25048
-0.02956
0.59398
-0.03714
-0.73101
-0.05362
-0.18446
-0.66089
0.58325
-0.12595
-0.13595
0.10692
-0.19366
-0.19192
-0.64364
0.13745
-0.66263
0.5108
0.12395
0.84364
0.67424
0.30331
0.7802
-0.31165
-0.21438
0.46473
-0.00884
0.16407
0.44946
-0.66524
0.54797
0.11949
-0.56215
-0.41985
-0.32275
-0.12496
-0.10178
0.0401
-0.33275
0.45012
-0.6161
-0.87533
-0.27512
-0.66644
0.25507
-0.69253
0.83409
-0.52639
-0.61769
0.5075
-0.1143
-0.05199
0.49381
-0.0237
0.25439
0.17144
0.36839
-0.59514
0.40615
0.06022
-0.53617
0.59671
-0.9394
-0.19949
0.21079
0.8678
-0.94509
-0.86489
0.64342
-0.70851
-0.07864
0.31411
0.36629
0.02287
0.05692
0.60971
0.28096
-0.4588
-0.34201
0.07991
0.56739
0.01124
0.31932
-0.25736
0.25624
0.12754
0.46843
0.09588
0.42902
0.91017
-0.77576
0.19296
-0.77005
-0.58077
-0.14274
-0.37643
-0.53077
0.15183
-0.11751
0.05135
-0.05769
-0.20972
0.6354
0.20633
-0.74512
-0.60744
0.45401
0.28341
-0.32311
0.1774
0.14854
-0.25312
-0.01514
-0.68945
-0.81597
0.41303
-0.55366
0.87121
-0.30305
-0.75612
0.09062
0.49579
-0.91871
0.23683
0.26213
0.48944
0.76894
0.25723
0.11309
-0.62671
-0.49043
0.15546
-0.67795
-0.89034
-0.3567
-0.07726
0.09417
-0.26245
0.53632
0.34856
-0.54313
0.1262
-0.11636
-0.00632
0.3695
-0.59645
0.66124
-0.69176
-0.4647
0.28322
-0.31996
-0.19502
-0.83851
0.03331
0.62027
0.54252
-0.68896
0.27066
-0.34914
-0.44451
-0.58241
0.44719
0.1896
-0.40522
-0.55313
-0.0808
0.93908
0.3204
-0.22853
-0.53617
0.46667
0.03482
-0.73426
0.45242
0.11547
0.10497
-0.42176
-0.22406
0.30626
0.26065
-0.83594
0.47354
0.44574
-0.13808
-0.39096
-0.44516
-0.43969
-0.4087
-0.82163
0.30125
-0.22568
-0.06457
0.48512
-0.54025
-0.24591
-0.52658
0.31024
0.03003
-0.14811
0.73463
0.41304
-0.53771
-0.14951
0.1567
-0.40935
0.07616
0.20046
0.46448
-0.61708
-0.09878
0.20289
0.6554
-0.00634
-0.71851
-0.49947
-0.71033
-0.69004
0.24865
0.61981
-0.19536
0.29803
0.58116
0.53419
0.13021
-0.50632
-0.09665
0.48027
0.10763
-0.22156
0.02811
0.77456
-0.47726
-0.91589
0.51388
-0.49549
0.21219
0.2827
-0.4046
-0.86532
-0.23966
0.05456
0.49777
-0.4284
0.35022
0.44263
0.00197
0.54515
0.18083
-0.36604
-0.57488
-0.5834
-0.59194
-0.35412
-0.70143
0.60528
0.46228
-0.22141
-0.03431
-0.15447
-0.93502
-0.47659
0.41639
0.27439
-0.61073
-0.63949
0.21492
0.15998
0.62704
-0.77371
0.74674
0.51544
-0.45771
0.58307
0.19178
-0.02684
0.13884
0.37003
0.27685
0.22744
0.35614
-0.64331
-0.32178
-0.62193
0.1093
0.66486
-0.12104
-0.37034
0.62916
0.5549
-0.69625
-0.92154
-0.08395
-0.59838
0.33881
0.36854
-0.90469
-0.32268
0.20007
0.14398
-0.2957
-0.60896
0.94484
-0.33766
-0.0497
-0.10029
-0.41822
-0.77702
-0.91279
-0.08787
0.61019
-0.26024
0.22335
-0.55437
-0.19346
-0.34626
-0.37416
0.14955
-0.07399
0.33413
-0.18108
-0.02551
-0.09831
0.22758
-0.72573
0.23593
0.61738
-0.54647
-0.30677
0.12104
0.8934
0.08333
-0.25996
0.24564
0.21409
-0.68255
-0.04122
-0.60031
0.54372
0.22758
-0.50848
0.04902
0.31242
0.20063
-0.25207
-0.38857
0.19058
-0.70131
-0.74342
-0.82952
0.16658
-0.35894
-0.3587
0.28061
0.14725
-0.55012
-0.38039
-0.81986
0.08916
-0.48531
-0.74523
0.73948
-0.33002
0.52172
-0.17483
-0.50837
-0.30526
0.15825
0.41092
-0.174
-0.21334
0.14409
-0.91987
-0.18328
0.26188
0.35283
0.07424
0.95184
-0.79238
-0.15047
-0.44162
0.23443
0.79383
0.27703
0.77871
0.29627
-0.44134
0.77113
0.93792
0.1124
-0.50775
0.7828
-0.63095
0.02513
-0.00789
0.79663
-0.61328
-0.68819
-0.17107
-0.28156
0.14809
0.64337
-0.80977
0.89017
0.92347
0.47872
-0.72603
0.91733
-0.43888
0.28102
0.65593
0.19446
-0.43514
0.16085
-0.46912
-0.60322
0.35443
0.22044
0.37389
-0.569
-0.49249
-0.51845
-0.60048
-0.69364
0.18859
-0.17315
-0.76748
0.4869
-0.77024
0.40167
-0.09547
0.56556
0.31207
0.08106
0.68068
-0.54797
0.45844
0.04506
-0.17354
-0.91549
0.41159
0.48244
-0.38876
-0.72285
0.34309
0.06018
-0.17344
-0.51802
0.57409
-0.09287
0.59885
0.02828
-0.84795
0.18127
-0.12204
0.28375
0.4411
-0.18869
0.1416
-0.20982
0.0378
0.37402
0.7564
0.3556
0.14914
-0.46224
0.11846
0.24284
-0.24092
-0.56907
0.47339
0.06757
0.02704
0.44769
-0.75144
-0.22077
-0.06387
-0.65185
-0.3221
-0.90477
0.03243
0.88489
0.34155
-0.40189
0.48051
0.02976
0.22204
0.36487
-0.00949
0.33994
0.28155
0.31485
-0.24347
-0.18035
-0.59715
0.55533
-0.50757
-0.41251
-0.18054
0.48348
-0.76509
0.09516
0.83251
-0.74328
0.67095
0.65346
-0.64617
0.64077
-0.1606
-0.45087
0.4188
-0.12577
-0.85699
-0.58016
0.09257
0.57145
-0.04654
0.20129
-0.0845
-0.91898
-0.19191
-0.23893
-0.06726
-0.20382
0.41125
-0.38756
-0.75438
-0.65193
0.35625
0.17847
-0.85248
0.79344
-0.53296
-0.8681
-0.47264
-0.48116
-0.25045
0.1786
-0.61951
0.05326
-0.079
0.15772
-0.54326
-0.29151
-0.8773
-0.2158
0.73317
0.28352
0.3364
0.28269
0.28807
0.19965
0.47402
-0.35923
-0.36276
-0.15592
0.40051
-0.26097
0.08853
0.05296
0.13866
-0.75711
0.00085
-0.18605
-0.14344
0.74662
-0.76329
-0.49816
0.51621
-0.2984
-0.31929
-0.54201
-0.03012
-0.64685
-0.36347
0.05245
0.52517
0.22483
0.09652
-0.31093
0.02288
-0.42588
0.87137
0.8506
-0.87598
0.7266
0.24721
0.72046
-0.34729
-0.68871
0.24888
-0.61118
0.31819
0.85908
-0.65897
-0.79629
-0.51807
0.14703
0.38388
-0.30228
0.19444
0.96009
0.61441
0.42976
-0.93091
0.20838
-0.02601
-0.11463
-0.09249
-0.45212
-0.64488
-0.4325
0.73277
0.31504
0.57491
-0.33055
0.10957
0.46579
0.54134
-0.26867
-0.59879
0.46997
-0.16188
0.64695
0.41048
-0.07886
-0.66292
0.02563
0.26698
0.47295
0.04537
0.48601
-0.66439
0.28066
-0.26034
0.41572
-0.93604
-0.57334
-0.34382
0.79153
0.4471
0.21763
-0.22458
-0.42836
0.27342
0.7097
-0.57914
0.24127
-0.91301
-0.00324
0.91699
0.19146
-0.19428
0.50848
-0.14799
-0.22618
-0.57836
0.08874
0.54599
-0.43391
-0.5065
0.21299
-0.5678
-0.4413
0.36303
0.10514
0.31537
0.17561
-0.70086
-0.01122
0.45182
-0.94233
0.28376
0.18908
-0.67189
0.23298
0.12134
-0.73088
-0.55793
-0.52651
-0.07534
0.24831
-0.55503
0.71582
0.85286
-0.37987
0.38841
-0.51144
0.60822
0.65323
-0.06574
0.65758
0.11182
0.29625
0.14486
0.60994
-0.10525
0.05741
0.45813
-0.05971
0.78968
0.28076
0.4864
-0.62878
-0.80825
-0.02745
0.37045
-0.43211
0.68555
-0.14844
0.44399
-0.46924
-0.41911
0.29633
-0.90267
-0.11444
0.16644
-0.71414
-0.03802
0.49735
-0.07094
-0.22071
0.30515
-0.01124
0.20901
0.00451
-0.58504
0.80549
-0.72632
0.75642
0.15177
-0.82378
-0.57952
0.05105
0.35968
0.41963
0.83385
-0.61489
0.46477
-0.36783
-0.80539
-0.46985
0.59139
-0.37183
-0.23081
-0.25505
-0.55717
0.28455
-0.01911
-0.41999
0.30382
0.84479
0.08381
0.39787
-0.04726
0.26213
-0.36418
-0.39963
-0.09999
0.34553
-0.21259
-0.21192
-0.56675
0.95803
-0.25036
-0.70016
0.00374
0.61658
-0.44227
0.49422
-0.52799
-0.48636
-0.00736
-0.11346
-0.17977
0.76217
0.72651
0.12306
-0.67438
0.69792
0.50642
0.01927
0.2686
0.15456
-0.4676
0.56504
0.84368
0.40075
0.5288
0.49055
-0.42659
-0.58996
-0.23445
0.8158
-0.45305
0.75078
-0.41481
0.72156
-0.68632
-0.48947
0.33843
0.46795
-0.23664
0.91699
0.10741
0.06615
0.35574
-0.85352
0.47008
0.17822
-0.38259
-0.54204
0.64543
0.00298
-0.67321
-0.3232
-0.47477
0.06952
-0.46549
-0.59588
0.51742
0.69076
0.05547
0.06743
0.09591
0.44612
0.84951
0.30958
0.42474
0.03989
0.30599
0.66101
0.30747
-0.16533
-0.83207
-0.37014
0.28148
-0.44516
0.88438
-0.42597
-0.01709
0.40354
-0.01179
-0.10675
-0.31868
0.17611
-0.14592
0.73537
0.22549
0.8367
-0.14287
-0.30128
-0.54177
-0.70759
0.21753
-0.20397
-0.62312
0.35188
-0.58752
0.24682
-0.05496
0.53391
0.28279
0.51003
0.21883
0.257
0.22369
-0.07689
0.70824
-0.59152
0.63282
0.85187
0.12527
0.13322
-0.18503
0.29936
-0.58189
-0.54857
0.61599
-0.28946
-0.50994
0.27467
0.30803
-0.19912
-0.24389
0.03192
0.46384
0.44506
0.4749
-0.74711
0.30442
-0.12329
0.85234
-0.00939
-0.1673
0.20396
-0.89528
-0.89827
0.58413
0.24849
-0.03007
-0.24914
0.00137
-0.70702
0.01469
0.06923
-0.67382
-0.08327
-0.60157
0.36332
-0.14447
-0.27087
0.04716
-0.79744
0.30276
-0.8337
0.61461
-0.56685
0.37142
-0.5223
-0.1064
-0.25715
-0.21922
0.84923
0.89108
-0.46325
-0.16857
-0.0445
0.32555
0.77376
0.82532
-0.25492
-0.39805
-0.16763
-0.00501
-0.15165
-0.12134
-0.32682
-0.33757
0.50522
0.20624
0.46485
-0.49045
-0.77571
-0.75676
-0.67908
0.18949
-0.20655
0.48045
0.77528
0.26168
0.0248
-0.04007
0.15178
0.56722
0.51437
-0.62009
-0.05029
-0.09998
0.31563
0.44637
-0.65155
0.18436
0.48751
0.8405
-0.03222
-0.52042
-0.70047
-0.43776
-0.20909
0.23746
-0.42629
0.32636
0.50096
0.01406
-0.67728
-0.06672
-0.15022
0.51251
0.94767
0.21622
0.36547
0.40987
0.15507
-0.43973
0.09991
0.65916
0.58488
0.33643
0.10466
0.30051
-0.22631
0.6866
-0.22614
-0.22565
-0.21759
0.37494
-0.0737
0.73927
-0.38764
0.10413
-0.35419
0.0761
-0.42947
-0.24604
0.20539
0.55033
-0.39422
-0.13302
0.80121
0.01095
0.42232
0.41013
0.54707
0.34581
0.70692
-0.58433
-0.03053
0.23121
0.14354
-0.75043
0.47647
-0.56995
0.09188
0.3274
-0.67273
0.27922
0.38003
-0.50078
0.54717
-0.17195
0.31852
0.61489
0.22932
-0.74603
0.22513
0.17279
0.17679
-0.25
0.3942
0.71127
-0.33307
0.07967
0.72866
-0.25329
0.37955
-0.13241
0.18471
-0.16776
-0.30528
0.11767
0.21957
0.18408
0.42464
-0.60736
0.06962
0.23882
0.73085
-0.00936
-0.2769
0.55913
-0.81466
0.06039
-0.64165
0.84454
0.32508
-0.14721
-0.17641
-0.38499
0.69028
0.03575
-0.07516
0.03574
0.79652
-0.39669
0.10593
0.53363
0.85014
0.41713
0.18228
0.46768
0.76155
-0.9048
0.24792
0.31257
0.07829
-0.07522
-0.51529
0.5456
-0.76477
0.35212
0.19385
0.05184
0.19068
-0.82276
0.27986
0.4057
-0.51495
0.09986
0.53861
-0.24763
0.63924
-0.11535
-0.48609
-0.13559
0.57027
0.0136
-0.31978
0.2909
-0.34817
-0.234
0.18932
-0.28056
0.50461
0.67455
0.9188
-0.24272
0.55064
-0.4331
0.55564
-0.13479
-0.22695
0.00017
0.24237
0.16899
-0.08587
-0.39563
0.79853
-0.2917
-0.30612
0.09027
0.15415
-0.79073
0.37203
-0.4777
-0.43087
0.0228
-0.09038
-0.6096
0.42707
0.34968
-0.46025
-0.12552
0.37038
-0.06299
0.33324
0.23855
-0.56915
-0.24923
0.31677
-0.47571
0.54012
-0.81335
0.77774
0.49758
0.57493
-0.27072
-0.70674
0.3344
-0.25025
0.22798
-0.85223
-0.48817
0.26846
0.23134
0.53859
0.9246
-0.38584
0.72051
-0.45656
0.39642
-0.20429
-0.8311
-0.83716
0.22873
-0.07773
0.02662
-0.09622
-0.26344
0.05332
-0.72803
-0.25091
-0.01364
-0.59069
0.49482
0.66244
0.37042
-0.2276
-0.07976
0.31469
-0.24501
-0.45273
0.20846
0.1315
-0.51639
-0.26778
-0.89746
-0.00565
0.44953
-0.02086
-0.57479
0.58191
0.10378
0.7864
0.54019
-0.36284
-0.49935
0.28058
0.37929
-0.01399
0.90383
0.90299
0.46937
0.17016
0.17515
0.22561
-0.54625
0.4225
-0.71839
0.88918
0.09418
-0.67512
0.69425
-0.71116
-0.73899
0.03343
0.08327
-0.06128
0.78624
0.15894
0.44041
-0.55394
0.17418
-0.72078
-0.50318
0.69521
-0.32925
0.0989
-0.67365
0.28475
-0.77042
0.28562
0.008
-0.31262
-0.35926
-0.68494
-0.45745
0.44194
0.75956
-0.55088
-0.44125
0.07534
0.3791
0.09955
0.15269
-0.2351
0.00335
0.0146
-0.66436
0.28527
-0.54124
0.31144
-0.32579
-0.57679
0.01296
0.44285
-0.65594
-0.06886
-0.39535
0.65929
-0.57156
-0.37862
0.05607
0.86939
-0.03059
0.46597
0.20188
0.68149
-0.25832
-0.46406
-0.34792
-0.64772
-0.31234
-0.5171
0.88682
0.16932
0.07618
0.15574
0.49998
0.20696
0.28642
0.47943
0.16796
-0.46875
-0.66832
-0.13871
0.82291
0.34144
0.0085
0.62526
0.58423
-0.19104
-0.29379
-0.63942
-0.57614
0.35919
-0.01388
0.37194
-0.1423
0.36822
-0.22929
0.09011
-0.72308
0.60908
0.59243
-0.42987
0.26356
0.4844
0.08673
-0.48606
-0.34172
0.0092
-0.18362
-0.47602
0.83524
-0.60351
-0.64218
-0.76227
-0.61932
-0.0706
0.36895
0.48318
0.64664
-0.60504
-0.38455
-0.38236
-0.29406
-0.47985
-0.89923
0.00683
-0.10456
-0.23436
0.92995
0.65772
0.42752
-0.18195
0.24534
-0.79114
0.45274
-0.36083
-0.00596
0.05509
-0.59083
-0.29056
-0.50357
0.1041
0.85793
-0.21769
0.10527
-0.04816
0.68965
-0.76112
0.40211
0.76025
-0.41973
-0.14149
0.49569
0.5582
-0.20298
-0.10459
-0.54489
-0.06663
0.60657
0.284
-0.24401
0.55754
0.51012
-0.94061
0.20887
-0.42866
-0.70745
-0.44964
0.6206
0.71648
0.55063
-0.26624
0.05232
-0.48187
-0.84918
0.17716
0.4434
0.16097
0.03237
-0.53312
0.08702
-0.7286
-0.31782
-0.7453
-0.11457
-0.4155
0.27279
0.22498
0.79832
0.45608
0.41951
-0.76392
-0.86841
-0.24756
0.52289
0.60858
-0.46047
0.6828
0.53912
-0.36303
0.75476
-0.14901
-0.26852
0.35418
0.10128
0.26241
0.17629
0.7055
0.11651
0.20858
-0.26403
-0.68584
-0.07529
0.65386
0.78694
0.30208
-0.44793
0.71948
0.45802
-0.062
-0.56825
0.29679
-0.03053
-0.45289
0.38387
-0.21323
-0.54539
0.38657
0.29185
0.09077
0.33814
0.52464
0.10505
-0.70054
-0.58962
0.15933
-0.62995
0.76483
0.83972
0.41172
-0.08131
-0.46961
0.19828
0.71384
-0.10117
0.25284
0.21048
-0.5406
-0.44763
-0.12039
0.31989
-0.06992
-0.28617
-0.62673
0.05852
-0.00805
-0.10412
-0.21762
-0.40261
0.08214
-0.24098
0.71093
-0.32257
0.29499
-0.1343
-0.64865
-0.24778
0.47912
-0.57164
0.6244
0.55352
-0.77772
-0.36804
0.13256
0.20637
0.72476
-0.0916
0.66015
-0.48856
-0.84645
-0.54562
-0.26293
0.57071
-0.46474
-0.3379
0.04792
0.04265
0.02298
-0.70512
-0.10251
-0.30893
0.12265
0.87904
-0.4714
0.78614
0.70958
-0.52171
0.3924
-0.66822
0.55054
0.49503
-0.47128
0.0728
0.20992
0.19642
-0.16204
0.54521
0.28966
-0.78684
0.40029
0.32463
0.66846
-0.09928
0.2256
0.2397
-0.11848
0.90447
0.38924
-0.26596
0.33206
-0.48053
0.74262
0.77013
0.51867
-0.03515
0.35125
-0.19326
0.62397
-0.35791
-0.73569
0.06708
-0.13263
-0.59729
-0.63667
-0.74206
0.65539
0.6299
-0.24317
-0.09563
-0.01795
0.07941
0.56602
0.77978
0.12541
0.33757
-0.09752
-0.29145
-0.6797
0.71578
-0.90572
0.42018
0.32192
0.60457
0.62625
-0.26958
0.07535
0.96778
0.59634
-0.45523
0.31352
-0.43957
0.38347
0.787
-0.40077
0.30783
-0.09794
-0.69009
0.06119
-0.18722
-0.6957
0.17666
-0.22953
0.45781
0.66829
-0.06085
0.38703
0.37366
0.20759
0.84281
0.5123
-0.00294
0.26825
0.44721
0.09202
-0.82121
0.58355
-0.61098
-0.41148
-0.61367
-0.19062
0.04156
-0.09417
0.0098
-0.05093
0.01614
-0.84223
0.40933
0.74378
0.81742
0.38028
-0.4326
-0.14854
0.06914
-0.58628
0.20768
0.08674
0.44881
-0.30607
-0.00087
0.53885
0.2649
0.09078
0.38532
0.70871
-0.57097
0.44861
0.39556
-0.50633
-0.30705
-0.8205
-0.39889
0.40438
0.20776
-0.1715
-0.39399
0.48347
0.79132
0.18929
-0.71093
-0.08283
0.51836
-0.02482
0.62476
-0.70215
-0.27316
-0.25165
0.27048
0.31734
0.2074
-0.28637
-0.04842
-0.25631
-0.18587
0.10749
0.51952
0.15566
-0.66105
0.91062
0.53865
0.08398
-0.65884
-0.15782
0.1181
0.05049
0.15357
0.3897
-0.37783
-0.91734
-0.58269
0.12898
-0.06785
0.21037
0.76427
-0.83072
0.74336
-0.6526
-0.51412
0.30633
-0.21485
0.18962
-0.92914
-0.4871
0.77617
0.5471
0.65012
-0.59417
0.13337
-0.55155
0.2894
-0.43712
-0.59521
-0.72007
0.87399
0.55745
-0.48608
-0.3233
-0.78345
-0.63556
-0.52753
-0.86151
3e-05
0.69328
0.261
0.11756
-0.66092
0.03354
0.647
-0.60168
0.4853
-0.39083
0.8614
0.44962
-0.24519
-0.23755
0.55831
-0.7465
0.15043
0.71824
0.46119
0.77469
-0.55361
-0.07754
0.13132
-0.26947
0.65244
-0.20352
-0.40561
-0.52089
0.57707
-0.50967
0.66401
0.21738
0.92045
0.51882
0.13442
0.15678
0.08569
-0.38973
0.78263
-0.58795
-0.11285
-0.0658
0.2653
0.41405
-0.31316
-0.40077
0.17185
0.25068
0.70775
-0.33502
-0.13518
-0.29683
-0.17527
0.67719
0.92147
0.46812
0.65158
0.316
0.06201
-0.22524
0.91765
-0.50921
0.07773
0.75801
0.48429
0.59721
0.35041
0.10529
0.88314
0.46758
-0.8513
0.31591
-0.30214
0.69829
-0.52073
0.19773
-0.39865
0.84774
0.5172
-0.53977
0.88433
0.68499
0.09385
0.16728
-0.79303
0.1471
-0.25883
-0.41265
-0.32889
0.50924
0.38331
-0.09369
-0.7657
-0.65887
-0.00901
-0.11925
0.60843
0.11706
-0.24101
-0.67331
0.32542
0.09643
-0.52852
-0.85228
-0.38591
0.20403
-0.70149
-0.80788
-0.76452
0.08686
0.93525
0.86264
0.13679
-0.75024
0.65942
-0.4353
-0.47495
-0.14158
0.50766
-0.56453
0.39867
0.66625
-0.01549
0.348
-0.03714
0.67758
0.1831
-0.58638
0.82303
0.35861
-0.05689
-0.44436
0.02829
0.09332
-0.32839
-0.6476
0.75009
-0.46554
-0.18971
-0.38987
-0.74071
0.58664
0.277
0.18131
-0.39598
-0.76997
-0.231
-0.73244
0.31044
-0.60192
-0.53522
-0.26323
-0.08503
0.43374
0.15237
0.33047
0.2754
-0.25439
0.49368
0.17365
0.06151
-0.28363
0.07671
-0.62553
0.9466
0.10377
-0.81788
0.03678
0.27852
-0.69758
0.69118
0.08716
0.16033
0.62357
-0.71512
0.19421
-0.58006
0.34395
0.31465
-0.64297
-0.74706
0.03158
-0.00881
-0.47753
-0.28288
0.00059
-0.47764
0.34246
-0.21198
-0.65363
0.28648
-0.47631
-0.27454
0.20665
0.71632
-0.39733
-0.52873
-0.67107
-0.11016
-0.72739
-0.25304
0.13472
-0.14263
-0.19581
-0.25707
0.79877
-0.79729
0.05072
-0.27797
-0.59177
0.13186
-0.10446
0.04227
-0.12201
0.54671
-0.33368
-0.74164
0.80042
-0.12737
-0.68639
0.28288
-0.5383
-0.79437
-0.90634
-0.50518
0.4696
-0.21172
0.66314
0.33148
0.26701
-0.85895
-0.10446
0.43626
0.56399
0.33623
0.04086
0.53947
0.37723
-0.05418
-0.04969
0.7415
-0.0127
0.28489
-0.82636
0.26251
0.94351
0.76722
-0.21546
0.60878
0.66159
-0.63814
-0.22483
0.33114
-0.04782
-0.21964
-0.17149
-0.41138
0.14248
0.04451
-0.4592
-0.24193
0.2804
-0.71094
-0.34401
0.29265
-0.22993
-0.3326
0.38345
-0.87469
0.14725
0.3041
-0.20379
-0.59918
-0.41619
0.76552
0.49297
-0.1401
0.68363
0.41947
-0.40133
0.49722
-0.64591
0.2956
-0.22672
0.77398
-0.71718
0.3488
0.75542
-0.34553
-0.73643
-0.54842
-0.51796
0.73488
-0.21609
0.34591
0.80593
0.57251
-0.09587
0.91227
-0.93818
-0.48035
0.10738
0.33069
-0.29662
-0.14113
0.76097
-0.08182
-0.56772
-0.19098
-0.43937
-0.11106
-0.53835
0.52447
-0.71676
-0.46766
-0.92928
0.05057
0.1852
0.7934
0.04179
0.16134
-0.16245
0.48023
0.7098
0.68815
0.81475
0.52434
0.02256
-0.49873
0.43043
0.78328
-0.27813
-0.20791
0.76679
0.02824
0.06386
-0.34378
-0.33543
-0.6155
0.22403
-0.04761
-0.42983
0.19193
0.59138
0.13586
0.55893
-0.44853
-0.24189
-0.02435
-0.85222
0.45223
0.64877
-0.87215
-0.09004
0.17896
-0.2582
-0.01443
0.37742
0.3953
0.09004
0.49205
-0.56694
0.03971
0.02104
0.13697
0.47883
-0.62174
-0.76178
-0.28864
-0.19255
-0.33493
-0.01649
-0.34585
0.3137
-0.63662
0.66183
-0.34253
-0.43131
0.67059
0.24557
-0.18439
-0.42691
-0.49752
-0.83526
0.16122
0.413
0.23834
-0.09005
0.58378
0.35157
0.01899
-0.29005
0.2784
-0.61422
0.16243
0.48583
-0.02606
0.26541
0.50802
-0.58903
0.16816
-0.02937
-0.79709
-0.76334
0.08626
0.81238
0.07756
0.44619
0.3823
0.34394
0.15323
0.53175
-0.01826
-0.69645
0.31901
-0.70045
-0.00118
-0.35916
-0.47873
-0.80518
-0.27348
0.3443
0.26488
0.68344
0.28709
0.29448
0.04824
0.57341
-0.78367
-0.05965
-0.35769
0.15158
-0.61745
0.33806
-0.55537
0.47415
0.46302
0.62631
-0.8018
0.39073
-0.41628
-0.1467
0.58059
-0.6529
-0.14022
0.70022
-0.93226
-0.6493
0.87496
0.69277
-0.84136
-0.34919
-0.09592
-0.68551
-0.26202
-0.81825
-0.70073
0.18851
0.55568
0.43376
0.552
-0.33833
0.71084
-0.30208
0.15202
-0.29243
0.4365
0.10423
-0.42554
-0.23213
0.66862
0.02192
-0.5234
-0.59447
-0.68201
-0.56381
-0.38429
0.71842
0.77595
0.8343
0.47485
-0.08728
-0.79053
-0.31136
-0.57899
0.44601
0.16667
0.59804
-0.20402
-0.61303
0.34662
0.62172
-0.07762
0.0136
0.68823
0.80963
-0.2388
0.2893
0.51262
-0.17875
0.61395
-0.56419
-0.64089
-0.68859
-0.41686
-0.09548
-0.38741
-0.04679
-0.46898
0.82954
0.06025
-0.66082
0.07234
0.38291
0.11717
0.46125
0.742
-0.81513
-0.62572
-0.61653
-0.30358
-0.55494
-0.00199
0.62957
-0.2524
0.18212
0.49318
-0.11495
0.01397
0.09242
-0.54814
-0.09624
0.12041
0.10002
-0.62972
0.66754
-0.8359
0.12293
-0.00023
-0.23784
0.36768
-0.12488
0.80049
0.79088
0.73606
-0.24105
0.36388
-0.66739
-0.15552
0.3552
-0.60621
0.81198
-0.05108
0.21829
-0.42989
-0.24195
0.23368
0.35656
-0.55648
-0.03378
0.71107
0.02753
-0.1891
-0.45634
-0.13342
