-0.50256
0.75758
-0.50882
0.214
0.30995
0.12003
0.58303
-0.09024
-0.8469
-0.12608
-0.52895
0.75669
-0.31606
0.5782
-0.76125
0.91569
0.77784
0.54648
-0.61536
-0.23609
-0.11279
0.27556
-0.06322
-0.50395
0.29904
-0.30266
0.4079
0.34323
0.24129
0.22094
-0.53507
0.22692
-0.04649
-0.74964
-0.38331
-0.68663
0.21591
0.1773
-0.16208
-0.07562
0.68745
-0.65163
-0.30418
0.3924
-0.85602
-0.45611
-0.72318
-0.09611
-0.48623
0.16963
0.83774
-0.57575
0.38027
-0.52067
0.32698
-0.01773
-0.07778
0.5492
0.14875
0.18384
0.85571
-0.80346
-0.85158
0.5391
0.26017
0.04078
0.64718
0.23342
0.2732
-0.39847
0.77446
-0.0683
0.14433
0.87129
-0.26902
-0.30653
0.64414
0.57705
0.55548
0.79909
-0.71924
0.20957
-0.68533
-0.73572
-0.9172
0.1873
0.77348
0.09476
-0.28728
0.23226
0.83331
0.73773
0.73823
0.11392
0.17563
-0.50009
-0.13835
-0.49595
0.53156
0.03215
-0.09685
0.07217
-0.62203
-0.43789
-0.48611
-0.03941
0.10182
0.12475
0.16987
0.54157
-0.21697
-0.30259
-0.9459
0.16629
-0.38306
0.45789
0.28975
0.77437
0.02934
-0.24212
-0.54233
0.68504
0.15271
-0.23963
-0.18653
-0.33442
-0.74255
-0.03374
0.35246
0.79549
0.33287
-0.03079
0.26676
0.07518
-0.31444
-0.00055
-0.63481
-0.25665
-0.39801
0.30763
0.38918
-0.58185
-0.42149
0.15837
0.5218
-0.64482
0.29062
-0.23375
-0.52205
0.83751
-0.25473
-0.71763
0.49051
0.57366
-0.66631
-0.5669
0.91099
-0.02339
0.62127
-0.79553
-0.3033
0.55132
-0.56663
-0.47359
0.30315
-0.1362
-0.0842
-0.43616
-0.05523
0.81942
-0.18128
0.31589
0.73066
0.2224
-0.58188
0.49299
0.39334
-0.11905
0.34821
0.09485
0.75562
0.2397
0.76654
-0.69996
-0.00714
-0.70711
0.14714
0.49205
-0.22997
0.60828
-0.46712
-0.41735
-0.44383
-0.42971
-0.2668
0.30902
0.77822
-0.09343
-0.68272
0.24657
0.26779
-0.67395
0.6159
0.40628
-0.53067
0.28886
-0.53351
-0.05955
-0.31499
-0.04576
0.1127
-0.34693
0.66548
-0.13017
-0.00443
-0.70646
-0.81362
-0.39331
0.30049
-0.06458
0.1899
0.67951
-0.16708
-0.43129
0.58567
-0.03774
-0.20603
-0.72082
0.78281
-0.6124
0.77779
-0.3502
0.66802
0.58495
0.31666
-0.00678
0.42337
0.03099
0.22116
-0.12999
-0.31592
-0.26124
0.04977
-0.70786
-0.13344
0.3452
0.40735
-0.58323
0.77512
-0.66352
-0.78386
-0.18364
0.91271
-0.08367
-0.84499
-0.76243
-0.0622
-0.18243
-0.36215
0.73734
-0.63519
0.69794
0.20386
0.2003
0.40846
-0.44441
-0.72346
0.00713
0.09969
-0.45555
-0.79022
-0.65555
-0.34476
-0.40306
-0.15454
-0.31088
0.51804
0.45618
-0.20851
0.71602
0.16034
-0.57363
-0.30067
-0.76395
-0.48447
0.43621
-0.61303
0.40057
-0.47291
0.37006
0.10673
-0.59636
0.10336
-0.06637
0.62278
0.83598
0.85781
0.40396
0.48531
0.34556
0.79763
-0.48144
0.4842
0.63107
0.61975
0.22567
0.56862
0.26384
-0.84137
0.57033
-0.80762
0.85714
0.1397
-0.29856
0.4656
0.30005
0.38137
-0.82909
-0.27567
0.35675
0.16225
-0.12112
0.71492
-0.16297
0.56089
-0.63395
-0.2004
0.78736
0.38899
-0.64945
0.23187
0.31061
0.24673
0.29666
-0.8414
-0.78304
0.03326
-0.03482
-0.24145
0.38857
0.10625
0.08428
0.61919
0.81246
-0.22054
-0.85401
0.03876
0.49166
-0.77907
-0.1686
0.81009
-0.201
-0.36172
0.38516
0.36448
-0.03472
-0.66249
-0.62726
0.62144
-0.61863
0.83507
-0.84602
-0.7213
0.86116
-0.64221
-0.52587
0.34402
0.17656
-0.30449
-0.70278
0.33078
-0.75821
0.74566
0.04016
-0.48036
0.83603
-0.48115
0.16186
0.87009
0.14651
0.42682
0.94382
-0.61106
-0.11281
0.52731
-0.17444
-0.27854
-0.45894
-0.70993
0.31307
0.47155
-0.48627
-0.15034
0.1857
0.63218
0.70699
-0.34173
0.325
-0.26999
-0.68599
0.0397
0.25053
0.25852
0.63839
-0.64667
-0.61187
0.03209
-0.2362
0.38565
0.54623
0.52627
0.29034
0.74742
-0.42173
-0.25439
-0.25157
0.25015
-0.08313
-0.38734
0.50426
0.74357
0.34034
-0.10595
0.11642
-0.68436
-0.82099
0.21016
-0.39157
0.23087
-0.92496
0.73916
0.7763
0.38616
0.75493
0.53941
0.00265
-0.22954
-0.58801
0.61817
-0.34435
0.41473
-0.20086
0.3595
-0.09564
0.62773
0.52362
-0.8153
-0.90539
0.12281
0.19083
0.48622
0.30015
0.43688
-0.10273
0.60782
0.25723
-0.268
0.02302
0.26123
-0.13857
0.08025
0.27173
-0.22123
-0.77826
0.13782
0.25215
0.7216
0.38235
0.11187
0.15163
-0.13075
-0.47548
0.23031
-0.20184
0.05372
-0.68855
-0.52155
0.65389
-0.2399
0.00658
-0.10667
0.43727
-0.15622
0.414
-0.74533
-0.15456
0.54773
-0.23843
0.03583
0.00383
0.43954
0.03453
-0.03092
0.67854
-0.14726
-0.66693
-0.54647
-0.3845
0.38948
0.17334
-0.2565
-0.79734
0.71024
0.07517
0.10839
-0.61292
-0.6994
-0.04429
-0.12567
-0.27312
-0.32737
-0.1777
-0.87413
0.54254
0.77668
-0.47867
0.68511
-0.34554
-0.08631
-0.71277
0.46693
0.19552
0.57685
-0.51797
0.34401
0.33338
-0.61334
0.27139
0.7252
0.20068
-0.06047
0.81463
-0.73793
0.2475
0.43496
-0.45972
-0.2774
0.71481
-0.54351
-0.14755
-0.0871
-0.53051
-0.08812
0.45067
-0.45721
0.80643
0.42473
0.34485
0.34981
-0.60906
-0.59718
-0.00301
-0.58967
0.16543
0.72464
-0.73203
0.15376
0.50774
0.67418
-0.15797
-0.26403
0.63285
-0.26053
0.11076
0.04009
-0.6839
0.3002
-0.51202
-0.66234
-0.28823
0.04735
-0.7863
0.22787
-0.07596
0.18304
0.18433
-0.72099
-0.29975
0.55217
-0.14893
-0.34215
0.79068
-0.80803
0.80181
0.19058
0.76738
0.63722
-0.54052
-0.50278
-0.63893
0.17696
0.20497
-0.4679
0.54546
0.885
0.55608
-0.59076
0.03045
0.0307
-0.36158
-0.29834
0.68677
-0.41377
-0.02663
-0.32201
-0.00101
0.85348
0.52573
-0.24644
0.29821
-0.13334
-0.30392
-0.81871
0.72599
-0.13011
0.27982
-0.46059
-0.6617
-0.71581
-0.27664
-0.75475
0.67592
0.14235
0.39932
-0.32875
0.2311
0.83942
-0.47402
0.15183
-0.41525
-0.28821
-0.18431
-0.36198
0.17282
0.31269
-0.22817
0.25326
-0.78135
-0.239
0.7652
-0.76689
0.04469
0.23672
0.67386
0.37548
0.0917
0.41658
-0.31673
-0.81161
-0.58256
0.66491
0.35717
-0.35226
-0.06725
0.55544
-0.2064
-0.89655
0.24536
0.80458
-0.51659
-0.804
-0.60246
0.71445
0.53148
0.79603
-0.28771
-0.49349
0.43687
-0.30381
0.15261
0.75157
-0.73978
-0.07348
-0.19773
-0.75786
-0.17103
0.11661
0.65602
-0.57301
-0.39223
-0.15168
0.47511
0.28346
0.14248
-0.21573
0.49874
0.39715
-0.27067
-0.27162
0.68745
0.41881
0.72628
0.93101
0.41968
-0.41389
-0.48108
-0.75767
-0.14165
0.44219
-0.89586
0.86952
0.00013
0.67957
0.34813
-0.69295
0.42018
0.3979
-0.58253
-0.2064
0.55671
-0.67326
0.92987
-0.63626
-0.65777
0.63256
0.73735
0.25173
-0.42684
0.1355
-0.02482
0.58132
-0.62795
-0.1837
-0.69692
-0.49414
-0.36092
-0.52434
0.46939
0.55041
0.4916
-0.83515
-0.21874
0.3737
0.60739
-0.25275
-0.22205
0.09121
0.47891
0.43546
0.00148
-0.43062
0.60959
0.82494
0.42932
0.51678
0.7015
0.15004
-0.73204
-0.12889
-0.66001
0.35539
-0.12495
0.6981
0.59138
-0.45045
0.40951
0.16027
0.08679
-0.12143
-0.4759
-0.19487
0.2491
-0.84625
0.67615
0.36848
-0.21237
-0.37786
0.53465
0.003
0.66566
-0.7871
0.27038
-0.08154
0.52636
-0.53288
-0.48312
-0.25534
0.56037
-0.85396
0.83787
-0.72265
0.65956
0.79745
0.68935
-0.34284
0.7315
0.21468
-0.16211
-0.60868
0.67089
-0.4263
-0.20954
0.34606
0.74667
0.10301
-0.76172
-0.15215
0.31414
0.16795
0.25525
0.20661
-0.43173
-0.27417
0.59163
-0.10468
0.45397
0.16133
-0.71246
-0.1614
-0.14608
0.35668
-0.08775
0.59204
0.35717
-0.02059
-0.48164
0.01878
-0.32135
0.84559
0.08188
0.72969
-0.08115
0.30973
-0.33103
-0.10209
0.90883
-0.11435
0.11561
-0.80285
-0.07428
0.68138
-0.32807
-0.72447
-0.20116
0.48834
0.50934
-0.89501
0.19569
0.14388
0.0178
0.52528
0.27199
-0.37362
-0.19404
0.50955
0.42293
-0.26772
0.30612
-0.27284
-0.01417
0.81426
0.42021
0.31863
0.31288
-0.37242
-0.28287
-0.52357
0.40795
0.89495
0.54927
0.26464
-0.4177
-0.52508
-0.26887
0.37812
-0.05446
0.36403
-0.08288
-0.39201
0.13702
0.26223
0.21208
0.39418
-0.63245
-0.01075
-0.06867
0.48171
-0.5301
-0.70607
-0.76048
0.06097
-0.13788
0.4219
-0.48629
-0.09378
0.6618
0.36003
-0.22792
0.26996
0.55823
0.52357
0.68828
0.78559
0.33645
-0.53992
0.65055
-0.66401
-0.23042
0.30716
-0.44988
-0.01461
0.07073
0.07999
0.73295
-0.0502
-0.13956
-0.34692
-0.05855
0.81494
0.71114
0.78112
0.07134
-0.55723
-0.71311
0.09206
-0.74636
0.1055
-0.04267
0.78436
-0.03918
-0.52339
-0.50104
-0.68782
0.66809
-0.71296
0.63112
0.55849
-0.58294
-0.64878
0.51072
-0.45382
0.223
0.68796
-0.39564
0.07528
-0.00603
-0.36723
0.29491
-0.42015
-0.00406
0.36687
0.28131
0.56995
0.37556
-0.23049
0.19696
0.37274
0.11997
0.78489
-0.10726
-0.46401
0.17543
0.14738
-0.09694
-0.19751
-0.24863
-0.3836
0.20699
0.72805
0.09042
0.70808
-0.08199
-0.10511
-0.61063
-0.80612
0.1268
0.80856
-0.87768
-0.75929
-0.15769
0.38757
-0.80466
0.39233
0.19232
-0.84135
-0.08767
-0.59782
0.17526
0.73407
-0.48375
-0.15582
-0.07583
0.01647
0.7983
-0.04019
-0.45011
0.54373
0.49024
-0.41529
-0.01419
0.46352
0.61927
-0.2091
-0.85304
-0.83497
0.26334
0.72646
-0.31726
0.38172
-0.38601
-0.85799
-0.48949
-0.53367
0.85324
0.34293
-0.49878
0.22445
0.52673
0.57913
0.53092
-0.00989
-0.28496
-0.36762
-0.16641
-0.02042
-0.58482
0.42594
0.46311
0.44482
-0.75986
-0.5305
-0.44591
0.02453
-0.51259
-0.09392
-0.34528
0.13247
0.34289
0.58942
0.19132
0.2853
-0.39014
0.34407
-0.57389
-0.1546
-0.67942
0.79336
-0.20042
-0.05864
-0.11882
0.34082
0.14145
-0.00834
0.77764
0.3003
0.5141
0.15078
-0.01233
0.44926
0.62635
-0.03986
0.11662
0.94833
0.80472
0.54396
0.65507
0.49832
-0.46781
-0.1336
0.38725
0.53435
0.57735
0.23916
0.34484
-0.51329
0.39489
0.50055
-0.45071
-0.70971
-0.17372
0.19735
0.49904
-0.68618
-0.68645
0.07494
-0.31453
0.37138
0.9496
-0.11203
-0.23261
0.38962
-0.52991
0.05605
0.2906
0.40231
0.32261
-0.44214
0.76352
0.57719
-0.39854
-0.03076
0.68947
-0.70777
-0.72613
0.59923
-0.78681
0.00013
-0.0914
0.22754
-0.32169
0.26157
-0.45904
-0.66451
-0.0664
-0.61849
0.74586
-0.06755
0.72156
0.12477
-0.41311
-0.30353
-0.52493
-0.12456
0.81892
0.49631
0.51191
0.08665
0.69327
0.3971
0.96463
-0.2564
0.75057
0.75689
-0.47169
0.11275
-0.24817
0.16042
-0.20165
0.26786
-0.67255
-0.1957
-0.87878
0.66178
-0.53236
-0.49726
0.2724
0.40458
0.59294
-0.02782
-0.06549
-0.06501
-0.0585
0.84729
-0.76524
0.10435
-0.46958
-0.57436
0.68832
-0.07769
-0.40953
0.04102
0.21782
-0.5663
0.64792
-0.57022
0.7705
0.40517
0.73836
0.20705
-0.15261
-0.07817
-0.16189
-0.45356
0.68439
0.24854
0.8203
-0.17454
-0.51818
0.2755
0.6433
0.1173
0.3542
0.32577
-0.17185
-0.13808
0.5492
-0.21786
-0.81405
-0.46456
0.26893
-0.50832
0.0052
-0.1956
-0.46688
-0.87798
-0.09282
-0.79421
0.48859
0.74731
0.69401
0.58359
0.56483
0.35328
-0.45572
-0.57716
-0.63777
-0.59844
0.74154
-0.85478
0.17195
0.00187
0.30834
0.54768
-0.30057
-0.36361
0.38488
0.78094
-0.04781
0.39503
0.42936
-0.1076
0.1106
0.04105
0.53381
-0.47769
0.56033
0.42196
0.56015
0.22048
0.86782
0.87355
0.04839
-0.39045
0.67475
0.11825
-0.26259
-0.77268
-0.14375
0.22234
-0.60051
-0.09849
0.3212
-0.53312
0.11523
0.57079
0.35424
0.51927
-0.80111
-0.47569
-0.3619
-0.20165
-0.63289
-0.32311
-0.12177
0.80789
0.48314
0.1542
-0.21701
-0.71934
-0.31477
0.20208
-0.07587
0.01882
0.3499
0.16693
0.08724
-0.46395
0.2528
-0.18795
0.14975
-0.82987
0.08144
0.42713
-0.34376
0.57924
0.0439
0.5579
-0.55653
-0.15672
0.81546
-0.16645
0.41004
0.18436
-0.46744
0.64232
0.26386
0.15315
0.0828
0.20478
0.10022
0.30935
0.13626
0.07658
0.09761
0.41111
0.67451
-0.22651
0.56298
-0.28058
-0.90855
0.32929
0.33667
0.71559
-0.3461
-0.30527
0.15386
0.34857
-0.47463
-0.70797
-0.10893
0.28745
0.20664
0.64704
0.29673
0.27639
0.04036
-0.33444
-0.1853
-0.74789
0.10307
0.24829
0.61557
-0.21107
-0.08362
0.05596
-0.48752
0.35517
0.71541
0.21494
-0.40912
-0.80302
0.17585
-0.36655
-0.36176
0.23445
0.24047
0.45399
-0.45988
-0.08949
0.33973
-0.32451
0.33857
0.18327
0.77064
0.60875
0.66956
-0.01381
0.70238
-0.69072
0.04043
0.09523
-0.59354
-0.14568
0.06945
-0.38134
0.24159
0.31685
0.39187
0.71653
0.77601
-0.0293
0.72418
-0.13527
0.14235
-0.12268
-0.08344
-0.45361
0.24338
-0.13584
-0.61894
-0.57238
0.65547
0.00702
0.32158
0.14641
0.91699
0.45376
-0.29302
-0.27866
0.16837
-0.47588
-0.37333
0.34106
-0.11213
0.57864
0.70992
-0.3654
-0.45031
-0.67242
-0.29089
0.51834
0.0043
0.36805
-0.53175
-0.78719
-0.89355
0.31708
-0.11332
0.29392
-0.59192
0.50597
0.22779
0.43187
-0.47137
-0.70362
0.15632
0.37838
-0.35816
-0.31138
0.42637
0.19726
-0.51133
-0.6192
-0.77449
0.82848
0.02914
-0.8668
-0.11428
-0.46765
0.62006
0.43048
0.77581
0.03416
-0.47033
-0.00771
0.39471
0.17902
-0.65802
-0.29162
-0.03065
-0.34325
0.72741
0.31476
0.09794
0.10724
0.53019
0.19006
0.09483
-0.63726
0.72795
-0.75775
-0.86601
-0.76132
0.60593
0.89124
0.82797
0.40375
0.69223
0.48439
-0.57324
0.19644
0.27048
-0.19862
0.31376
-0.34109
0.41309
0.27611
-0.87558
0.16474
-0.19441
-0.73138
0.51834
-0.2038
-0.11617
-0.04403
0.2848
0.16683
-0.02085
0.30328
0.19416
-0.70699
0.83357
-0.30183
-0.29397
0.59945
0.70335
-0.18059
0.57838
-0.32442
0.5678
0.60371
-0.32009
0.5607
0.10892
0.0254
0.27868
0.57261
0.67276
-0.11301
0.30582
-0.00792
-0.5172
-0.4608
-0.55161
-0.05995
-0.30027
-0.37446
-0.83731
0.04057
-0.31941
0.58609
-0.53157
0.40383
-0.48859
-0.25254
0.12923
0.29229
-0.41492
-0.36582
-0.73718
0.16127
-0.10252
-0.27049
0.14528
0.80513
-0.19925
0.68184
-0.58115
0.8102
-0.10959
0.06555
0.24203
-0.30692
-0.5645
-0.48285
0.05952
0.07516
0.54084
0.77301
-0.71184
0.01882
0.04951
-0.24322
0.42824
0.92211
-0.27825
-0.08427
0.85883
0.28139
-0.31514
-0.22732
0.09337
-0.378
-0.6066
-0.6654
-0.03295
-0.40952
-0.33973
0.10843
-0.26399
-0.47317
0.3983
-0.11079
0.48208
0.84196
-0.76312
0.1106
0.11945
-0.40829
-0.31974
-0.29613
-0.44106
-0.54898
-0.78481
-0.67495
-0.16459
-0.46583
-0.16154
-0.03694
0.30534
0.82091
-0.64631
-0.03254
0.02863
0.11392
-0.18484
0.92972
0.46188
0.28782
0.42242
0.17539
-0.38558
-0.39363
-0.35233
0.70683
-0.70712
0.3252
-0.68974
0.00799
0.56326
0.45714
0.68557
0.51159
-0.88174
0.15192
0.30641
-0.25127
-0.2851
-0.05341
0.85157
-0.00222
-0.60585
0.65059
0.63166
0.82065
0.59138
0.61398
-0.35997
-0.57948
-0.2852
-0.26895
-0.10567
0.25872
0.51851
0.25599
-0.36222
0.25019
-0.6163
-0.43989
0.12405
0.16452
-0.19036
0.72325
-0.66486
-0.64169
0.23244
0.17924
-0.13776
0.74699
0.46596
0.8441
-0.00351
0.19608
-0.83741
0.67622
-0.80892
0.55083
-0.08916
0.44609
0.27419
-0.15288
0.19214
-0.45539
-0.00725
0.7904
-0.66674
-0.30619
0.0554
0.77291
-0.61473
-0.4746
0.75951
0.2217
-0.53901
-0.62795
-0.09367
0.72317
-0.28705
0.01862
-0.62364
-0.53925
0.41882
-0.19119
0.2602
0.35924
0.35444
0.81992
-0.71614
0.81569
0.10197
0.67493
0.32615
-0.74555
0.28279
-0.17878
0.43918
0.10893
0.48907
-0.39561
-0.32174
-0.69858
-0.26266
-0.21304
-0.40908
-0.7518
-0.83658
-0.21835
-0.36576
0.24603
-0.44914
0.07467
-0.3654
0.64352
-0.36936
0.24438
-0.47767
0.7509
-0.6086
-0.26015
0.50756
-0.77184
-0.37538
-0.13357
0.45408
-0.12777
-0.46965
-0.11193
0.91422
-3e-05
-0.27092
0.08465
0.09259
-0.39453
0.41916
-0.00098
-0.03887
0.34889
0.1847
0.78061
0.65122
0.39606
0.24642
0.0328
-0.21124
-0.23996
0.41729
-0.3659
0.08372
-0.66434
0.63399
-0.66981
-0.35612
0.29896
0.01557
0.75994
-0.20092
-0.25481
-0.93342
0.68692
-0.44258
-0.56898
-0.14457
0.14609
0.38295
0.11371
-0.44816
-0.61535
-0.31014
0.08698
-0.67971
-0.80813
-0.23931
-0.4461
-0.35576
0.92137
-0.35794
0.10402
0.11603
0.60584
-0.22609
0.03394
-0.12389
0.53048
0.04394
0.30825
0.34821
-0.35248
0.09556
0.14196
-0.46867
0.16396
0.13457
0.28751
-0.49038
-0.44954
-0.2228
0.66153
0.5085
0.16748
-0.32814
0.60231
0.11898
0.87814
0.59971
-0.69858
0.56597
0.08891
-0.75596
0.03382
-0.13376
0.0443
0.12418
0.89364
-0.50803
-0.34419
-0.09623
-0.44733
0.62922
0.1094
0.79826
-0.96499
0.63366
0.04576
-0.28586
0.74246
-0.40015
-0.73112
0.50888
-0.49674
-0.72212
-0.42471
0.14513
-0.67783
0.16233
0.2512
0.14959
-0.62311
-0.42235
-0.12727
0.15641
-0.52693
-0.4638
-0.7251
-0.26863
0.15561
-0.56795
-0.755
0.168
0.30266
-0.7952
-0.10295
-0.75424
-0.9245
0.11706
-0.2946
0.51112
-0.26841
-0.34516
0.73862
0.39644
-0.57816
-0.39776
-0.01404
0.11194
-0.5697
0.09899
-0.00649
0.26568
0.67173
-0.51111
-0.6937
0.28003
0.4362
-0.01669
0.16054
0.57668
0.74253
0.54042
0.17723
-0.74592
0.41418
0.03101
-0.86427
0.543
0.14122
0.58972
0.40324
0.14181
0.02084
-0.623
-0.20141
-0.29334
-0.21107
-0.05677
-0.60243
-0.65386
-0.93734
-0.36431
0.86644
-0.11817
-0.18437
0.42262
0.82849
-0.0949
0.21933
0.24257
-0.51917
-0.17309
-0.44911
0.36362
0.42527
0.30458
0.35037
-0.17167
-0.3399
-0.33093
0.7408
0.54216
0.39252
0.74428
0.60332
-0.53628
0.41624
-0.84694
-0.05941
-0.82348
-0.73495
0.13001
0.21901
0.4566
0.87516
0.52421
0.33967
0.8669
0.10018
0.63812
0.45844
0.06766
-0.21689
-0.40059
-0.52307
0.00659
-0.33835
0.5318
0.50167
-0.37389
-0.66972
0.29698
-0.81915
0.41541
-0.1244
-0.57447
-0.61831
0.07089
-0.04699
0.63786
-0.62386
0.35753
0.30881
0.30156
0.59676
-0.08659
-0.02209
0.49973
0.28931
-0.07487
0.01505
-0.51089
0.26687
0.84848
0.49939
0.15494
0.52423
-0.60099
-0.38599
0.62216
-0.08381
0.25086
0.65053
-0.35323
-0.01658
0.66721
-0.11858
0.12951
0.34834
-0.59925
-0.30671
0.35566
-0.70784
-0.14013
-0.51331
0.40794
0.7848
0.27551
-0.62975
-0.09583
-0.29037
0.40283
0.46
0.01552
-0.39219
-0.43367
-0.85382
-0.1015
0.16762
-0.51711
-0.03067
0.70826
-0.12645
0.52438
0.60637
-0.07584
0.58165
-0.54677
0.85218
0.36466
-0.11265
0.21146
0.80074
0.59264
0.85557
-0.65035
-0.05979
-0.71886
0.03549
0.90361
-0.59047
-0.2753
0.23301
-0.94799
-0.24603
-0.78173
0.34022
0.76778
0.53609
0.4721
0.39688
0.88229
0.73291
0.14233
0.11423
-0.73501
0.78949
0.83156
-0.25424
-0.12549
-0.60621
0.07122
-0.07293
-0.01957
0.19593
0.42538
-0.77715
0.87025
0.45102
0.25818
-0.79594
-0.2233
-0.60139
0.57608
-0.65038
0.69284
0.21202
-0.90722
0.60764
-0.21219
0.01553
-0.16798
-0.19931
0.32604
0.47761
0.72107
-0.49675
-0.57135
0.88149
0.60028
0.39634
-0.34719
0.01912
0.00558
-0.51166
0.60741
-0.51395
-0.56358
-0.86718
0.61404
0.05507
0.74293
-0.84674
-0.02129
0.63034
0.87251
-0.22091
-0.77464
0.13727
-0.6617
-0.92999
-0.02823
-0.28289
0.92306
0.72562
-0.8425
-0.10097
-0.63859
0.34345
0.88414
-0.38384
-0.26825
-0.09589
0.64785
0.12697
0.28222
0.40273
-0.66116
0.58403
-0.09985
-0.49365
0.02368
0.33964
-0.57491
0.0813
-0.53138
-0.20361
0.21624
0.14732
-0.08851
-0.48919
-0.07213
0.74866
-0.78704
0.16863
-0.13416
0.28202
0.90527
0.76242
-0.00369
0.72377
0.72748
0.69923
-0.1225
-0.7881
-0.496
-0.40366
-0.1285
0.68985
-0.16855
-0.50663
0.69208
0.04477
-0.16405
-0.09907
-0.59696
0.12075
-0.34857
-0.35501
-0.67989
0.03129
-0.37627
0.79322
0.0713
0.34976
0.17783
0.57401
-0.58578
-0.70597
0.1933
-0.44585
-0.66978
-0.46856
0.94324
0.69396
0.15595
-0.23647
-0.7779
0.65805
-0.71986
-0.61145
0.23266
-0.54494
0.89489
0.73156
-0.52478
-0.50943
0.02744
-0.87413
0.77557
0.2998
-0.58393
-0.38991
-0.70258
0.47855
0.53299
0.86758
0.00624
0.53277
-0.04297
-0.9393
0.24331
-0.80214
0.28664
-0.37806
0.23136
0.70982
0.33591
-0.81431
0.95956
-0.42857
0.39109
0.78338
0.26081
0.58758
0.37939
0.61703
0.28516
0.39795
0.52686
-0.06781
0.26992
-0.08809
0.77785
0.27828
-0.29673
-0.38946
0.08526
-0.65498
-0.40459
0.04818
-0.62012
-0.37825
-0.76861
-0.57598
0.6953
0.23051
0.0661
-0.47051
0.08276
-0.4295
-0.32142
-0.8555
-0.193
-0.39333
-0.10799
0.52252
0.41112
-0.5726
-0.74517
0.46471
0.46156
-0.16605
-0.73206
0.07423
0.42753
-0.47379
0.11406
0.52732
0.76967
0.87146
-0.02775
0.29952
0.64815
0.54828
0.90286
-0.61087
-0.03813
-0.27457
0.92628
0.37347
0.7691
-0.22322
-0.56024
0.16448
0.80418
0.53205
-0.43307
-0.01171
0.14737
-0.05121
-0.6686
-0.36574
0.92078
-0.9067
-0.22581
-0.74688
0.44675
-0.42989
0.02078
-0.48477
-0.31652
0.05489
0.41627
0.45757
0.37779
-0.82553
-0.35707
-0.35848
0.89158
-0.54905
0.58123
0.23535
0.64098
0.75596
-0.40503
0.35609
0.28285
0.33364
-0.54258
0.59931
-0.24448
-0.52817
0.2232
-0.16254
0.2317
0.83788
-0.22956
0.33468
-0.38347
0.31795
-0.79575
-0.02124
0.05322
0.45955
-0.02658
0.29896
-0.48736
0.02641
0.82467
0.08312
0.96352
-0.34246
-0.03902
0.19676
0.14246
-0.19071
0.13039
-0.38081
0.85148
-0.87104
0.26427
-0.08018
0.35392
0.58768
0.10461
-0.27022
-0.36827
-0.70193
-0.57044
-0.30589
0.70289
-0.18019
-0.84824
0.8318
0.27905
0.45419
-0.70554
-0.29078
0.54758
-0.0356
0.49385
-0.67171
0.52958
0.20297
-0.70485
0.6332
0.3074
0.00643
0.63728
-0.45039
0.04136
0.09537
0.88892
0.00492
0.61057
0.44885
-0.20882
-0.65818
0.79916
0.32913
0.29204
0.4825
0.67859
0.48881
0.83896
-0.41104
0.52448
0.01458
0.18246
0.28422
0.30725
0.27267
-0.15866
0.06233
0.07062
-0.47931
-0.73748
-0.60897
-0.38448
-0.09106
-0.24002
0.14125
0.32885
0.81608
0.70014
0.25926
0.60543
-0.11986
-0.24212
-0.19302
-0.75044
-0.32554
0.30649
-0.93445
-0.63955
0.89326
-0.2183
0.14987
0.64719
-0.72936
0.0318
0.09793
0.37108
-0.21478
-0.20409
0.55487
-0.56754
-0.11711
0.06124
0.32071
0.50534
0.5115
-0.65562
0.08438
0.03262
-0.69454
0.11335
-0.27393
0.09881
-0.53
0.17575
0.62517
-0.064
0.78215
-0.60119
0.8359
0.92911
0.0874
-0.39755
0.72592
0.20089
0.59256
0.33881
-0.09897
0.09098
0.30039
0.34302
-0.0641
-0.47676
-0.24449
-0.66298
0.17768
0.66537
-0.36629
0.51011
0.00852
0.37807
0.41991
0.12184
-0.33124
0.29703
-0.82381
0.74594
-0.10943
0.32109
-0.02041
0.80932
0.24433
-0.886
0.76803
-0.47234
-0.02208
-0.47235
0.28387
0.36442
-0.662
0.14516
0.5537
0.30211
0.77804
0.04479
0.14991
-0.47249
0.32934
-0.02272
0.52357
-0.77597
0.16297
0.23073
-0.10482
0.41506
-0.37633
0.64653
-0.71026
-0.77988
0.16096
-0.88635
0.66858
0.20499
-0.31628
-0.50871
-0.19967
-0.48685
0.50553
-0.67483
0.86818
0.15022
0.45537
0.09177
0.18491
0.26454
0.20732
-0.75975
-0.00402
-0.56078
0.13203
-0.29387
-0.11558
0.76629
0.49221
-0.09494
-0.5121
0.7821
0.03238
0.53823
-0.10093
0.22895
0.34619
0.06629
-0.62135
-0.45919
-0.37274
0.49833
0.27685
-0.66195
0.24647
0.51351
-0.23394
0.49325
0.19094
0.88477
-0.63123
0.45063
0.60354
-0.33761
-0.89991
0.91397
0.25479
0.83148
-0.543
0.79049
0.38607
0.70569
-0.95118
0.53018
0.33692
0.13673
0.62161
0.03739
-0.09991
-0.52866
-0.19359
-0.41754
-0.06482
-0.88907
-0.21306
0.39265
0.17579
-0.1157
0.51143
0.33732
-0.62074
0.80825
-0.15018
0.18687
0.81417
0.57356
-0.3027
-0.37296
0.73383
-0.52342
-0.01681
-0.54222
-0.45408
0.08058
0.53278
0.56876
0.48196
-0.4164
-0.01208
0.52855
0.44967
0.72902
0.31454
-0.76267
-0.15747
-0.05338
-0.53349
0.19709
-0.8281
0.03026
-0.26223
0.1593
0.50101
-0.61236
0.21145
-0.25278
0.45554
-0.41836
0.17974
-0.16649
0.00366
-0.82989
0.47036
0.16058
0.92333
0.36834
-0.67686
0.39353
0.42156
-0.56255
0.34377
0.87069
0.71245
-0.45658
0.06843
0.46507
0.06585
0.21474
0.07001
0.3979
-0.80067
0.25778
0.22392
0.05438
-0.79759
-0.18594
0.3132
-0.35455
0.42577
-0.66408
-0.43749
-0.32651
0.21234
0.4007
-0.68328
-0.76458
-0.13519
-0.46333
-0.15112
0.78833
0.64936
-0.30875
-0.03534
-0.39512
-0.73918
-0.19919
-0.36821
-0.2146
-0.47851
0.29478
-0.77525
0.30153
-0.09919
0.20358
0.42892
-0.9455
-0.62225
0.44596
-0.35109
0.11812
0.61126
-0.45267
0.68315
-0.0981
0.05573
0.68263
0.19073
0.60719
0.03968
0.29727
-0.04872
-0.80848
0.10816
0.39187
0.40338
-0.65317
0.69995
-0.19103
-0.00176
-0.62701
-0.73018
-0.25107
0.55375
0.59645
-0.4934
-0.53304
-0.05724
0.68774
-0.06106
-0.20769
-0.09132
0.36842
-0.52745
0.88495
-0.63264
0.27309
-0.86357
-0.78509
0.2745
-0.07535
-0.22947
-0.17893
0.56046
-0.73469
0.27549
-0.75631
0.83872
0.02386
0.42871
-0.11413
-0.31365
0.54418
0.06218
0.05639
0.58913
0.26685
0.40592
-0.55729
-0.53058
0.12231
-0.72328
0.43388
0.14475
-0.40194
0.75773
-0.54985
-0.51755
0.62255
0.21516
0.45524
0.36607
-0.70652
-0.8559
-0.11784
0.24973
0.89925
-0.36066
-0.75587
-0.69118
-0.85538
0.78029
0.01117
-0.24041
0.71675
-0.81531
-0.33838
-0.70838
-0.55097
0.82576
-0.46511
0.59147
0.23569
-0.54182
0.11744
-0.45958
0.48087
-0.23015
0.74917
-0.59132
-0.34502
0.7107
-0.09689
0.20433
0.09577
0.26223
0.51409
0.37868
-0.32024
0.32459
-0.51179
0.84232
-0.3982
0.05458
-0.52512
0.58782
-0.20997
0.73538
-0.83577
-0.61936
0.02847
0.77463
0.35678
-0.73848
-0.03247
-0.23744
0.41975
-0.29845
0.20518
-0.04946
-0.36827
0.75415
0.22405
-0.07152
0.82907
0.10257
-0.4797
-0.35473
0.74436
-0.85063
0.64136
-0.65793
-0.55034
0.68147
0.06656
0.54807
0.26766
-0.31425
0.71113
0.5607
0.28679
0.16596
-0.26904
0.85548
-0.61071
-0.09202
0.5195
-0.06318
-0.31248
-0.20946
-0.33021
-0.14288
0.04789
0.15426
0.12985
-0.86476
0.41428
0.67375
-0.9382
-0.40044
-0.45205
-0.41963
-0.58593
-0.90798
-0.2739
0.19789
-0.83467
-0.22386
0.58921
0.06462
0.69878
0.46882
0.26172
0.48743
0.43284
0.14572
0.43894
-0.82497
-0.57276
0.17156
0.34677
0.21884
0.60453
0.2388
0.17533
-0.29132
0.01509
0.23721
-0.65027
-0.75242
-0.12871
0.54945
-0.78519
0.65515
0.1657
-0.79089
0.01333
0.23832
-0.16033
-0.26194
-0.88289
-0.19421
-0.66688
-0.63934
0.19588
-0.07469
-0.35921
-0.34646
0.82689
0.14679
-0.86888
-0.64035
-0.32432
0.18102
-0.69091
0.19782
0.36493
-0.2914
0.67948
0.0626
-0.8808
0.03566
0.70237
-0.43761
-0.50615
0.7116
-0.56386
0.18483
0.29621
-0.28635
-0.65985
-0.32173
-0.0528
0.14769
0.45525
0.0475
-0.53143
-0.03654
0.30863
-0.58112
-0.44228
-0.38182
0.01882
0.09925
0.26846
0.85223
-0.28832
0.91658
0.69658
0.0712
0.84525
-0.01527
-0.20819
-0.80807
0.23886
-0.00554
-0.63297
0.5933
-0.18999
-0.67893
-0.46289
-0.0244
0.03219
-0.29663
0.6606
0.23655
-0.63254
-0.62469
-0.35597
0.80235
-0.41287
-0.57338
0.52362
0.59518
-0.34015
0.25515
-0.15772
-0.8521
-0.63514
-0.75154
-0.28083
-0.05009
0.46837
-0.0185
-0.09904
0.11311
0.69143
-0.64656
-0.29919
0.59392
-0.06044
0.62661
0.1738
0.26646
0.68402
-0.54788
-0.57934
0.85192
0.82824
0.14066
-0.00363
0.29953
-0.57385
0.70805
0.12094
-0.03487
0.01487
0.43594
-0.78789
0.80941
-0.40326
-0.4062
0.07649
0.27908
0.59739
-0.34845
-0.19315
0.28149
0.36408
0.08407
0.7129
0.55506
0.08669
-0.45483
-0.71737
-0.79695
-0.14034
0.06503
-0.64865
0.26179
-0.51349
-0.00964
-0.39635
-0.58729
-0.60373
0.08676
0.19542
0.67496
0.84843
0.49513
-0.19841
-0.49048
-0.34988
-0.14552
0.45265
-0.02189
-0.22635
-0.51608
-0.74892
0.59146
-0.56342
-0.23551
-0.26545
0.4532
-0.93363
-0.74421
0.04741
-0.45346
0.36475
-0.23043
-0.52519
-0.59215
0.07294
-0.51255
-0.15257
0.04354
-0.19424
0.08266
-0.56187
0.71615
-0.11842
0.01118
-0.05022
0.21853
0.7064
-0.0211
0.55378
-0.30817
0.2643
0.35812
-0.22607
-0.24948
0.41103
0.41569
0.21121
-0.56793
0.59252
-0.02809
-0.40338
0.30745
0.63712
-0.2872
0.03047
0.33547
-0.39748
0.37388
0.01959
0.0142
0.4105
-0.02955
-0.07794
0.48221
0.58769
-0.18235
-0.62362
0.58891
0.18019
0.85339
0.43588
0.65311
-0.09175
0.51711
0.03277
-0.26185
-0.61018
-0.13084
0.08672
0.76917
-0.75208
-0.63472
-0.61452
0.05328
-0.9519
0.70423
-0.27042
-0.20359
0.53311
-0.3619
0.38221
-0.16492
0.14
-0.72427
-0.62463
-0.52848
0.03114
0.43485
-0.70482
0.49796
-0.45165
0.3944
0.30367
-0.43926
-0.57803
-0.16231
0.01089
-0.23051
-0.45388
-0.59848
0.27259
0.19888
0.14295
0.23034
-0.84464
0.79046
0.67692
0.8745
0.61737
0.51105
0.67703
-0.28304
-0.49694
-0.0443
0.33643
-0.11908
-0.54722
0.20403
0.71929
-0.26039
0.37533
0.22686
0.23607
0.30091
0.6879
0.53049
0.80486
-0.10163
0.26957
-0.06799
-0.44509
0.63265
-0.37405
-0.09983
-0.05408
0.04295
0.40014
0.19414
0.49254
0.88285
0.51718
0.37258
-0.30704
-0.06706
-0.54722
0.39521
-0.16463
-0.35984
0.84117
-0.22914
0.26425
0.64617
-0.21575
0.70822
0.3544
-0.03942
-0.63478
0.0114
0.81355
-0.06333
0.33011
0.29127
0.04395
0.19654
0.70895
0.08129
-0.75521
0.7345
-0.2278
-0.62952
-0.18109
0.56865
0.85464
0.34347
-0.56305
-0.0952
0.07695
-0.43139
-0.46905
-0.15562
-0.14083
-0.30167
0.14544
0.57393
-0.02743
0.91635
0.76321
0.16287
-0.89338
0.74717
-0.1556
0.21246
0.84389
0.2028
0.18089
-0.35141
-0.14793
-0.52076
-0.48366
0.03881
-0.63127
0.79259
-0.07578
0.36268
-0.44236
0.39873
0.86328
0.0468
-0.50366
0.36418
0.4967
0.00574
-0.39381
0.47571
0.1055
0.08343
-0.15378
-0.30338
-0.24473
-0.70608
-0.25977
0.54571
0.7116
-0.74921
0.63161
-0.14538
0.09636
-0.11017
0.16285
0.80241
-0.06422
-0.5172
-0.60661
0.15679
0.39744
-0.66046
0.61037
-0.08775
0.37045
0.15632
0.29329
0.25919
0.9131
0.64328
0.24034
0.39247
-0.08802
0.2097
-0.29
0.2751
-0.62693
-0.72594
0.23098
0.68804
0.22988
-0.10731
0.25228
0.01879
-0.84621
0.44259
-0.40038
-0.43471
0.04889
-0.70687
0.40974
0.40829
0.31423
0.74167
-0.64555
-0.80196
-0.39501
-0.44719
0.17752
-0.62517
-0.51096
0.27624
0.54291
-0.00308
0.31204
0.26969
0.73392
-0.78427
-0.63105
-0.0438
0.12781
0.49291
0.20594
-0.66725
0.84796
0.674
0.05618
0.44885
0.63616
0.80262
-0.32197
-0.82798
-0.38851
-0.28598
-0.22497
0.27414
0.29229
-0.11899
0.50459
-0.52917
-0.43071
-0.50611
0.2993
-0.42
-0.70611
0.17319
0.37773
0.8657
0.01311
-0.68033
0.74065
-0.81783
-0.81667
0.36962
0.07294
0.53939
0.49798
0.50287
-0.61434
-0.63367
-0.7811
0.22649
0.87019
0.1737
0.51187
-0.51756
0.10533
-0.13636
0.41208
0.2267
0.27401
0.81598
-0.82415
0.05691
0.71366
0.06215
-0.40495
-0.37292
-0.75159
-0.01538
0.15736
-0.31755
-0.29052
0.48577
-0.16629
0.32758
-0.45923
0.34305
-0.78945
0.33912
0.4481
-0.12341
-0.07664
0.10581
-0.06865
0.80068
-0.45638
0.25754
0.20663
-0.05397
0.68874
-0.40844
0.8293
-0.67817
0.65412
-0.00231
-0.5832
-0.23399
-0.77137
0.06671
-0.18418
0.03697
0.34984
0.03712
0.79256
0.02028
-0.36733
-0.13912
-0.02714
-0.06131
0.67972
0.47497
0.5653
-0.10308
0.19644
-0.19657
0.45039
0.69074
-0.47858
-0.55145
0.06897
0.09502
-0.08559
-0.06337
0.84789
0.06536
0.77852
-0.79682
-0.12445
0.6267
-0.09556
-0.68398
-0.18024
-0.19496
-0.05523
-0.21193
0.5147
0.8241
0.21066
0.29997
0.48615
0.77958
0.48972
-0.13701
0.10397
-0.53052
-0.11066
0.04157
-0.091
0.74267
-0.26478
0.25492
-0.80354
-0.38811
0.13432
0.16104
-0.88817
-0.83312
0.16936
-0.64502
-0.83968
-0.0072
-0.579
-0.50079
-0.5762
0.46088
0.47871
0.47925
0.55692
-0.2887
-0.4237
0.32427
0.57998
-0.17421
-0.87021
0.23042
-0.13401
0.5614
0.13657
0.35723
0.52592
-0.0631
0.69537
0.15045
0.19537
0.38285
0.82102
0.01994
0.22177
-0.61864
0.48863
0.30083
0.30575
-0.40967
0.24714
0.23455
0.56831
-0.82221
-0.83837
-0.38728
0.37902
0.53291
-0.32206
-0.38941
-0.09604
0.60308
-0.48558
-0.51751
0.21548
0.31588
-0.63169
-0.48127
0.46172
-0.38272
0.32036
-0.62655
-0.24053
0.45203
0.1537
-0.32864
-0.76191
0.36495
-0.19809
0.34409
-0.12679
-0.09002
0.04347
0.32664
0.062
0.05062
-0.04461
-0.26289
0.32443
0.58669
-0.54637
0.7452
0.48153
0.46149
-0.08959
-0.76391
0.01837
0.297
-0.23789
0.01108
-0.57369
-0.00544
0.60914
-0.85685
0.28067
0.47016
0.17075
-0.50718
0.69301
0.39659
0.62417
-0.23595
0.3071
-0.06989
-0.30016
-0.11579
-0.35125
-0.0349
0.48379
0.79466
0.41161
0.67402
0.60352
0.71501
-0.66668
-0.4313
0.4838
-0.37927
0.79186
-0.05834
0.14844
0.54124
0.76257
-0.66342
-0.40574
-0.16408
-0.15694
0.00331
0.4741
0.72834
0.50945
-0.37586
-0.6207
-0.67287
-0.57549
-0.38916
0.63975
-0.07156
0.67289
-0.43859
0.18203
0.40367
-0.60986
-0.84822
-0.64922
-0.35961
0.09403
0.79466
0.51861
-0.71539
-0.07633
0.42294
-0.38626
-0.49423
0.10665
-0.45046
0.68788
-0.3577
0.62049
-0.12802
-0.09019
0.23469
0.68805
0.38973
0.10764
0.42046
0.2126
-0.27327
0.05908
-0.44826
0.14709
-0.69819
-0.21702
-0.83728
0.19181
0.41476
0.69534
-0.00937
0.50515
0.6459
0.08101
-0.54308
-0.37933
0.53685
-0.25193
0.66603
-0.79682
0.31257
-0.18494
0.84664
-0.8707
0.29288
-0.06863
0.17902
0.76114
-0.6599
-0.72659
-0.70309
0.81032
-0.04176
0.57574
-0.07053
-0.78984
0.34377
0.14813
0.83994
0.1246
-0.45744
0.08288
-0.55128
-0.49989
-0.14577
-0.86138
-0.40405
-0.56669
0.28376
-0.76523
-0.72239
0.91636
0.76303
-0.01787
0.79057
-0.70805
0.44497
0.66145
0.19289
0.77793
-0.6944
0.72225
0.25716
-0.89609
-0.03474
0.24398
0.53523
-0.06594
0.28366
0.04968
0.60751
-0.05263
0.7434
0.30748
0.30251
0.24292
-0.32153
0.80533
-0.52076
-0.22035
0.41659
0.01386
-0.46447
-0.48805
-0.07024
0.45942
-0.2667
0.11411
-0.50267
-0.15345
-0.38682
-0.946
0.00763
0.12291
0.14179
0.34504
0.87704
-0.43066
-0.53443
0.32467
0.86696
0.02895
0.3036
-0.08143
0.81094
-0.14788
-0.4108
0.0667
-0.57286
-0.06273
-0.06897
-0.51439
-0.12175
-0.38797
0.81304
0.47317
0.02176
-0.13587
0.56583
-0.18053
0.38969
0.87148
0.43242
-0.53247
0.2672
0.35713
-0.52265
0.50968
0.6202
0.82733
-0.67448
-0.1265
0.43112
-0.17707
-0.45444
-0.66327
-0.63859
0.48811
0.33405
-0.398
-0.05899
0.65168
-0.71767
-0.0922
-0.44465
-0.0935
0.24813
0.17256
0.04715
0.13448
-0.7423
0.52476
0.29156
0.49288
0.76346
-0.69618
-0.14857
0.74197
-0.68645
0.38445
-0.23516
0.03492
-0.47322
-0.75541
-0.52399
0.53758
0.25913
0.86167
0.0811
-0.02676
0.08304
0.33276
0.35973
0.71592
0.32685
0.60143
0.08441
0.18206
0.55859
0.67442
0.08098
-0.77072
-0.29632
-0.75395
-0.01124
0.45793
0.39665
-0.67709
-0.58072
-0.31183
0.52189
0.18828
-0.77062
-0.55571
0.16133
-0.26007
-0.39808
-0.04665
-0.54613
-0.39747
-0.1387
-0.20938
0.22666
-0.60406
0.60338
0.20774
-0.73522
-0.33882
0.78021
-0.59433
0.7497
0.12853
-0.02639
0.02623
0.86698
0.49158
0.61367
-0.30886
-0.2509
-0.1847
0.21421
0.1824
0.0932
0.54387
-0.49113
-0.81062
-0.2116
0.39358
-0.24963
0.32529
-0.027
-0.1811
-0.37946
-0.71932
0.2873
0.07763
0.13196
0.04787
-0.12071
0.07144
-0.17773
-0.54738
0.2161
0.57501
0.34058
0.45312
-0.58035
0.36251
0.04525
0.10633
0.15216
0.58794
0.70535
0.34337
-0.55232
0.2862
-0.42129
-0.10921
-0.85757
0.50674
-0.03067
-0.13983
0.60319
-0.4981
0.51431
-0.85044
0.17595
-0.36076
-0.43623
-0.46913
-0.72404
-0.16547
-0.02428
-0.09588
0.55927
0.53112
0.29859
-0.38561
0.13967
-0.74176
-0.1045
-0.33219
0.27243
-0.38223
-0.17161
0.00135
0.76397
0.44068
-0.21984
0.05753
0.70836
-0.61058
0.00521
-0.85351
0.2733
-0.229
0.69224
0.29819
0.209
0.89046
-0.7543
-0.45189
-0.59597
0.01716
0.88079
0.25683
0.13632
-0.37562
-0.53159
-0.11466
0.02209
-0.1203
-0.63976
0.24925
0.34503
0.42273
-0.33224
-0.22096
0.02486
0.40549
-0.46225
0.35937
-0.55938
-0.44504
-0.37903
0.77117
0.59194
0.47935
-8e-05
0.27477
0.10205
-0.05763
0.66508
-0.29795
0.76516
0.22543
-0.36945
-0.22847
0.03854
-0.57442
-0.80554
0.60924
0.0456
-0.02927
-0.19798
0.00645
0.8274
-0.14931
-0.7156
-0.72721
-0.76482
0.66543
-0.53017
-0.59549
0.26325
-0.85169
-0.45417
0.70279
0.89414
