14.298083899658863
-13.244095693530488
3.2023603568358565
-9.90071296700934
-3.804796625749788
12.546630083244622
-16.971658343285732
-0.5337425258522855
0.7067015071636237
-11.572986977989336
-9.831290273933007
-15.035888348329994
10.202507489240737
2.1818843650818565
-4.775450195139033
15.006093715764962
9.729895653706993
13.455343440817572
-7.067051175227993
-7.807893294920798
-2.1072786354639996
16.96692759396748
-15.767202598427726
-14.401641907617556
-3.6730323747070006
-10.232116763732853
14.190874920001033
-6.948048190324462
-13.851385619535236
-6.897681815383369
9.056618120014571
-6.333838690809512
-7.193668416356822
-4.0404545229635875
-9.80480772421097
-3.024904888162918
-6.022999085477091
12.178565002400239
-3.1689464341093205
18.726350742739523
-3.5448688464336953
11.82562711327288
-14.417396804277324
0.0583280870064442
7.123405885214008
-4.464783187434395
16.566946816916694
-2.586690068146191
-3.019180070176484
2.2831466912702063
1.5178359791282898
9.466573891122875
6.5997799431981905
5.290131738922243
8.37122557975636
0.7032681775885841
-6.1506404398556445
-4.975584268880988
-10.950328436821735
-5.62438288173817
9.5932110556123
14.387560128117123
-16.94148636960528
9.78386810474636
7.192655747272381
11.582536227315138
-7.507294592794758
-10.948295570209424
-5.009262752609284
-6.097472572423291
13.67177716581319
1.0129920945675364
-11.701935779026712
-9.841811594379976
6.0630624975004235
-2.731284682358347
-12.785086085802433
-3.6090346358509002
-7.374731228904783
0.342993775811263
0.562065827843798
-2.881578591899491
-10.449355584200301
-10.365976290247119
1.8159929782431532
-12.586407140174893
1.6582349913508065
-11.889752498212081
-10.843863036124864
-1.2365797885103802
11.112013705965362
-7.5079545441204045
7.39973570156171
-8.993446088323568
-3.8123941641394725
-16.278853097209552
1.6958219286279088
0.16391432337323217
11.458447064521591
15.899052446905653
