69.13986618647598
49.680350020548005
56.63795333771891
88.52682125640523
67.83936368822
8.224813236794176
15.119142045095076
77.54820475613612
83.67707717065271
93.92249300234795
64.93150232059575
90.42882285271047
43.779196280110654
35.336905444676525
17.050601824682104
65.85790776697007
81.19367231077462
9.333995860951472
76.2027798004253
43.8400309317637
57.448071313670276
75.20641261745848
16.613353974283918
84.63771040142412
69.55668678471174
21.166524540886446
17.274091840418762
40.13352611088264
39.69939421244581
23.971566734925837
80.94316519766991
27.095024469607985
51.90869359781319
64.31484479354253
48.058273063366094
54.416002282058926
15.538260068719847
4.571772958754599
51.503311940605805
28.61421366072098
12.179691195912351
43.82304380735997
76.02792348519955
20.906199160850974
44.01258528038823
62.07595958693216
36.42102664080601
10.165397675409958
33.47518189026563
26.564189736511167
4.915798571715896
2.8672602016037994
23.693179027230112
39.99624434286711
21.378265719829297
55.692157375323966
45.98972125040529
80.94913898936527
54.25347978313746
67.9413609915343
0.6112135157097767
61.95317392664488
58.40993155158404
83.62016201839168
26.162205835534483
32.524363470643486
79.34364764177971
9.29970520177207
29.287728355529712
54.673626564030776
61.37050084446307
55.08832661244974
5.619145630024921
27.439611937893428
66.14047064201387
40.13316458110469
34.103297724710764
22.9074389356633
58.34245547380104
48.43736647209371
8.718643489673227
61.42006934895844
31.99011776516743
27.331026814843913
87.27899630399064
89.80099591598432
55.56401678588017
73.95121937174382
24.021612069921783
71.91970257910941
45.320951845251585
38.0625399937917
88.95466088480369
17.099686975043685
69.88569208529735
59.52662172709684
33.78809442870698
21.514379696033533
34.02618107562529
64.75485969263215
