-0.00948611997621923
-0.15918005667787316
0.666971405065437
-0.7141664216933921
-0.8244743774904614
0.5042076162430913
-0.09236497577048267
0.6342987701852245
-0.8840535173458616
0.48303594380588816
-0.27843875553326536
-0.5775891160200349
0.2042888404145193
-0.6028574874588033
0.9748009621956231
-0.9300683638405806
-0.5782725394500537
0.1933075670923364
-0.2452671585509613
-0.019000216726010325
-0.09756123369362593
0.3396387579620245
0.6263345880167412
-0.550984155018649
-0.4552785730734102
0.7444247500988554
0.7902797510614761
-0.6202084694387723
0.6956652867171057
0.18968533896328058
0.5437135777578093
0.3023087660634814
0.6670647338626273
-0.9175303418531204
-0.18263532813864544
-0.4124694429819484
-0.9840873650407798
0.9610255316731668
0.029145887568442892
0.20612390821050972
0.868988819677684
-0.4599027458601337
0.9071205657720339
0.39452574027131077
0.7299378591580018
-0.05343864879135351
-0.6826209119486579
0.8648287516346018
-0.13417131722952508
-0.9936312323876897
0.5718740169949811
0.6986108556789584
-0.36725939741071817
-0.4986446187675996
-0.9632923525076701
0.015675682906422756
-0.42296746381245287
0.862909171142915
-0.3778812155374816
0.08309647193835713
0.15099015973869043
-0.6051669005161421
-0.6842569915969635
0.4534004159358618
-0.42181882061760684
-0.25198942703456645
0.15223868555323714
-0.8856786835592603
-0.10498191678971783
0.2304142031716395
0.8603067671389487
-0.42481220135563286
-0.6357999914943075
0.08835147334305074
0.27519577946944845
0.44544807548234716
-0.7957413410996995
0.03498903339214722
0.15520126959692268
-0.3296545287482991
-0.5384604804490103
0.4277251142662301
0.29937433459732227
0.0494914827171786
0.2508953029009586
-0.8208526251782284
0.4141036308911915
0.28348813262336564
-0.9559707862819682
-0.5461871675845331
-0.4557887793719094
0.48101154090445597
0.4329190093107337
0.26877988846953926
-0.5884261028292268
0.09942791870055209
-0.716720419964192
-0.7263168122853979
0.40895040471152483
-0.9685657690239439
